  0.0000000E+00  4.1005000E+04
  5.0025014E-04  1.0365604E+04
  1.0005003E-03  3.1421960E+02
  1.5007504E-03  1.1804673E+04
  2.0010006E-03  8.6999092E+03
  2.5012507E-03  5.7860928E+03
  3.0015009E-03  2.1271819E+03
  3.5017510E-03  5.5284712E+03
  4.0020011E-03  4.4986021E+03
  4.5022513E-03  4.2050942E+03
  5.0025014E-03  1.5489867E+03
  5.5027516E-03  2.3932727E+03
  6.0030017E-03  1.1218937E+03
  6.5032518E-03  3.8526282E+03
  7.0035020E-03  4.7927686E+03
  7.5037521E-03  3.4619519E+03
  8.0040023E-03  3.7850823E+03
  8.5042529E-03  3.3567129E+03
  9.0045026E-03  2.4651003E+03
  9.5047522E-03  1.5277814E+03
  1.0005003E-02  1.4005261E+03
  1.0505253E-02  2.2509856E+03
  1.1005503E-02  7.7346051E+02
  1.1505753E-02  9.1943182E+02
  1.2006003E-02  2.1815642E+03
  1.2506254E-02  8.6356592E+02
  1.3006504E-02  2.7903828E+03
  1.3506753E-02  4.2070317E+03
  1.4007004E-02  2.8489055E+03
  1.4507255E-02  1.8192247E+03
  1.5007504E-02  2.6220325E+03
  1.5507754E-02  3.1569915E+03
  1.6008005E-02  2.9703591E+03
  1.6508255E-02  2.9334724E+03
  1.7008506E-02  1.7966479E+03
  1.7508755E-02  1.1658428E+03
  1.8009005E-02  5.8601642E+02
  1.8509256E-02  7.3125531E+02
  1.9009504E-02  1.0762897E+03
  1.9509755E-02  1.0609275E+03
  2.0010006E-02  9.3775690E+02
  2.0510256E-02  2.4920488E+03
  2.1010507E-02  1.7987618E+03
  2.1510756E-02  2.9693698E+02
  2.2011006E-02  4.1636783E+02
  2.2511257E-02  3.5515448E+02
  2.3011506E-02  2.7754697E+03
  2.3511756E-02  7.8824133E+02
  2.4012007E-02  1.5077605E+03
  2.4512257E-02  2.2290208E+03
  2.5012508E-02  1.0308467E+03
  2.5512757E-02  3.5134343E+03
  2.6013007E-02  1.3250431E+03
  2.6513258E-02  2.4745833E+03
  2.7013507E-02  1.2769053E+03
  2.7513757E-02  1.0885209E+03
  2.8014008E-02  9.5891455E+02
  2.8514259E-02  1.5180005E+03
  2.9014509E-02  9.2891144E+02
  2.9514758E-02  1.2307599E+03
  3.0015009E-02  1.8497255E+03
  3.0515259E-02  1.8047505E+03
  3.1015508E-02  1.2669733E+03
  3.1515758E-02  1.0526667E+03
  3.2016009E-02  6.2342633E+02
  3.2516260E-02  1.0340712E+03
  3.3016510E-02  9.8494574E+02
  3.3516761E-02  8.2927307E+02
  3.4017012E-02  9.0259662E+02
  3.4517258E-02  4.8239041E+02
  3.5017509E-02  1.6093757E+03
  3.5517760E-02  4.0590344E+02
  3.6018010E-02  8.0473395E+02
  3.6518261E-02  3.3678757E+02
  3.7018511E-02  1.2948250E+02
  3.7518762E-02  9.5317157E+02
  3.8019009E-02  6.4270764E+02
  3.8519260E-02  2.4436348E+02
  3.9019510E-02  3.5772815E+02
  3.9519761E-02  1.0429250E+03
  4.0020011E-02  1.4970265E+03
  4.0520262E-02  6.8348547E+02
  4.1020513E-02  1.1204172E+03
  4.1520763E-02  5.2048383E+02
  4.2021014E-02  7.5531891E+02
  4.2521261E-02  7.0617444E+02
  4.3021511E-02  1.7869663E+03
  4.3521762E-02  1.0999675E+03
  4.4022013E-02  4.1304065E+02
  4.4522263E-02  2.3627765E+02
  4.5022514E-02  9.5852069E+02
  4.5522764E-02  6.2585986E+02
  4.6023011E-02  6.9373761E+02
  4.6523262E-02  9.8925696E+02
  4.7023512E-02  4.5848801E+02
  4.7523763E-02  8.0244458E+02
  4.8024014E-02  1.1521451E+03
  4.8524264E-02  9.0767072E+02
  4.9024515E-02  5.2777161E+02
  4.9524765E-02  7.3556708E+02
  5.0025016E-02  8.0240308E+02
  5.0525263E-02  1.1230919E+03
  5.1025514E-02  4.0447385E+02
  5.1525764E-02  2.6824680E+02
  5.2026015E-02  2.4011011E+02
  5.2526265E-02  2.0286258E+02
  5.3026516E-02  9.7605780E+02
  5.3526767E-02  9.8633453E+02
  5.4027013E-02  4.6823892E+02
  5.4527264E-02  5.5572382E+02
  5.5027515E-02  1.7093956E+02
  5.5527765E-02  8.2781427E+02
  5.6028016E-02  6.7429077E+02
  5.6528267E-02  1.5696549E+03
  5.7028517E-02  8.1935028E+02
  5.7528768E-02  2.8840115E+02
  5.8029018E-02  5.7811871E+02
  5.8529265E-02  1.2735668E+03
  5.9029516E-02  7.4061731E+02
  5.9529766E-02  7.8954333E+02
  6.0030017E-02  1.0228739E+03
  6.0530268E-02  4.2091495E+02
  6.1030518E-02  9.1804034E+02
  6.1530769E-02  9.9813037E+02
  6.2031016E-02  1.9554068E+02
  6.2531270E-02  4.7850473E+02
  6.3031517E-02  4.4109579E+02
  6.3531771E-02  8.6239227E+02
  6.4032018E-02  1.2540701E+03
  6.4532265E-02  8.6294324E+02
  6.5032519E-02  1.3547659E+03
  6.5532766E-02  6.5895074E+02
  6.6033021E-02  5.1596063E+02
  6.6533267E-02  8.7313568E+02
  6.7033522E-02  7.0542773E+02
  6.7533769E-02  1.2392993E+03
  6.8034023E-02  4.5473138E+02
  6.8534270E-02  8.4173981E+02
  6.9034517E-02  6.2624915E+02
  6.9534771E-02  4.1277603E+02
  7.0035018E-02  4.4961111E+02
  7.0535272E-02  6.9595453E+02
  7.1035519E-02  6.2856262E+02
  7.1535774E-02  6.9948700E+02
  7.2036020E-02  7.3692444E+02
  7.2536267E-02  4.7995510E+01
  7.3036522E-02  4.0366904E+02
  7.3536769E-02  9.0358301E+02
  7.4037023E-02  6.1657495E+02
  7.4537270E-02  9.5051770E+02
  7.5037524E-02  5.5844373E+02
  7.5537771E-02  2.1310793E+02
  7.6038018E-02  2.0064201E+02
  7.6538272E-02  4.3002133E+02
  7.7038519E-02  5.0021683E+02
  7.7538773E-02  5.2721759E+02
  7.8039020E-02  2.8449365E+02
  7.8539275E-02  5.6436810E+02
  7.9039522E-02  4.2629599E+02
  7.9539776E-02  4.4409784E+02
  8.0040023E-02  1.7257077E+02
  8.0540270E-02  1.0296494E+03
  8.1040524E-02  1.6570540E+02
  8.1540771E-02  7.4492969E+02
  8.2041025E-02  2.6186826E+02
  8.2541272E-02  7.2908942E+02
  8.3041526E-02  3.4987177E+02
  8.3541773E-02  6.4544910E+02
  8.4042028E-02  9.2218640E+02
  8.4542274E-02  2.9035144E+02
  8.5042521E-02  6.7050464E+02
  8.5542776E-02  6.3656952E+02
  8.6043023E-02  9.3739099E+02
  8.6543277E-02  4.1118695E+02
  8.7043524E-02  2.5869437E+02
  8.7543778E-02  4.8173538E+02
  8.8044025E-02  3.3353580E+02
  8.8544272E-02  2.1635709E+02
  8.9044526E-02  8.0606909E+02
  8.9544773E-02  7.2610010E+02
  9.0045027E-02  4.1647446E+02
  9.0545274E-02  3.9976474E+02
  9.1045529E-02  6.8676559E+01
  9.1545776E-02  4.1054922E+02
  9.2046022E-02  6.9814709E+02
  9.2546277E-02  7.6944653E+02
  9.3046524E-02  7.1171454E+02
  9.3546778E-02  7.7744940E+02
  9.4047025E-02  3.3927103E+02
  9.4547279E-02  4.4319312E+02
  9.5047526E-02  2.0559312E+02
  9.5547780E-02  4.0429037E+02
  9.6048027E-02  6.7638116E+02
  9.6548274E-02  2.7915756E+02
  9.7048528E-02  7.9190436E+02
  9.7548775E-02  2.8700214E+02
  9.8049030E-02  3.0986533E+02
  9.8549277E-02  7.9138580E+01
  9.9049531E-02  8.8867047E+02
  9.9549778E-02  9.4362274E+02
  1.0005003E-01  6.2792151E+02
  1.0055028E-01  3.6319839E+02
  1.0105053E-01  2.2721754E+02
  1.0155078E-01  4.0894934E+02
  1.0205103E-01  5.9583795E+02
  1.0255128E-01  7.0905127E+02
  1.0305153E-01  7.9673096E+02
  1.0355178E-01  6.2357770E+02
  1.0405203E-01  2.8137241E+02
  1.0455228E-01  3.5182843E+02
  1.0505253E-01  2.2995224E+02
  1.0555278E-01  3.2423422E+02
  1.0605303E-01  3.2498257E+02
  1.0655328E-01  1.2405816E+02
  1.0705353E-01  5.3328571E+02
  1.0755378E-01  8.6891718E+02
  1.0805403E-01  6.0162701E+02
  1.0855428E-01  4.9841513E+02
  1.0905453E-01  3.6802969E+02
  1.0955478E-01  2.5016093E+02
  1.1005503E-01  4.0110663E+02
  1.1055528E-01  2.2609126E+02
  1.1105553E-01  7.7713159E+02
  1.1155578E-01  4.7382626E+02
  1.1205603E-01  4.1224637E+02
  1.1255628E-01  4.3517841E+02
  1.1305653E-01  3.1346014E+02
  1.1355678E-01  4.8112329E+02
  1.1405703E-01  3.2097687E+02
  1.1455728E-01  6.4327136E+02
  1.1505754E-01  5.2201080E+02
  1.1555778E-01  2.3274251E+02
  1.1605804E-01  2.6456400E+02
  1.1655828E-01  1.9179742E+02
  1.1705853E-01  4.6884091E+02
  1.1755878E-01  9.1413292E+01
  1.1805903E-01  1.6564076E+02
  1.1855929E-01  9.5999985E+01
  1.1905953E-01  2.1564561E+02
  1.1955979E-01  3.4404346E+02
  1.2006003E-01  2.8704388E+02
  1.2056028E-01  3.3397009E+02
  1.2106054E-01  1.6573808E+02
  1.2156078E-01  2.7336356E+02
  1.2206104E-01  4.5115387E+02
  1.2256128E-01  3.8442554E+02
  1.2306154E-01  3.2257272E+02
  1.2356178E-01  4.8919250E+02
  1.2406203E-01  5.1722998E+02
  1.2456229E-01  7.4565375E+02
  1.2506254E-01  5.6878149E+02
  1.2556279E-01  4.1685294E+02
  1.2606303E-01  4.7686316E+02
  1.2656328E-01  1.1614816E+02
  1.2706354E-01  3.9416306E+02
  1.2756379E-01  4.1304749E+02
  1.2806404E-01  6.4805566E+02
  1.2856428E-01  5.2254663E+02
  1.2906453E-01  5.5757623E+02
  1.2956479E-01  6.5381750E+02
  1.3006504E-01  3.7080377E+02
  1.3056529E-01  5.3506158E+02
  1.3106553E-01  4.6370145E+02
  1.3156579E-01  6.2063019E+02
  1.3206604E-01  4.3725781E+02
  1.3256629E-01  6.8480522E+01
  1.3306653E-01  3.0756485E+02
  1.3356678E-01  7.2208417E+02
  1.3406704E-01  8.1110956E+02
  1.3456729E-01  6.9589874E+02
  1.3506754E-01  9.5806140E+02
  1.3556778E-01  3.8176077E+02
  1.3606805E-01  3.5931787E+02
  1.3656829E-01  2.8352103E+02
  1.3706854E-01  4.1903830E+02
  1.3756879E-01  3.4535550E+02
  1.3806903E-01  1.0704375E+02
  1.3856930E-01  3.8060297E+02
  1.3906954E-01  2.5512134E+02
  1.3956979E-01  6.4824146E+02
  1.4007004E-01  6.1067261E+02
  1.4057028E-01  7.3739124E+02
  1.4107054E-01  4.3826489E+02
  1.4157079E-01  4.0293848E+02
  1.4207104E-01  1.9541376E+02
  1.4257129E-01  2.3007794E+02
  1.4307155E-01  2.2702634E+02
  1.4357179E-01  3.4413692E+01
  1.4407204E-01  1.1888712E+02
  1.4457229E-01  4.5494861E+02
  1.4507253E-01  4.4744775E+02
  1.4557280E-01  1.4576859E+02
  1.4607304E-01  1.5212950E+02
  1.4657329E-01  4.3147885E+02
  1.4707354E-01  7.7129755E+02
  1.4757380E-01  5.1894092E+02
  1.4807405E-01  3.6942969E+02
  1.4857429E-01  3.9632602E+02
  1.4907454E-01  5.6713635E+02
  1.4957479E-01  4.6601990E+02
  1.5007505E-01  4.0861859E+02
  1.5057530E-01  3.4049799E+02
  1.5107554E-01  4.4290063E+02
  1.5157579E-01  1.6458708E+02
  1.5207604E-01  3.4559720E+02
  1.5257630E-01  2.2643738E+02
  1.5307654E-01  4.5714444E+02
  1.5357679E-01  3.2571323E+02
  1.5407704E-01  5.6736865E+02
  1.5457730E-01  4.7745361E+02
  1.5507755E-01  3.4018915E+02
  1.5557779E-01  4.3909311E+02
  1.5607804E-01  8.8376755E+01
  1.5657829E-01  5.3019293E+02
  1.5707855E-01  3.3084354E+02
  1.5757880E-01  3.4130878E+02
  1.5807904E-01  3.7471287E+01
  1.5857929E-01  5.8151154E+02
  1.5907955E-01  5.7857703E+02
  1.5957980E-01  2.6472699E+02
  1.6008005E-01  5.9970190E+02
  1.6058029E-01  4.7569843E+02
  1.6108054E-01  5.3777478E+02
  1.6158080E-01  2.6618393E+02
  1.6208105E-01  2.8051801E+02
  1.6258129E-01  3.0653452E+02
  1.6308154E-01  9.7477043E+01
  1.6358180E-01  2.9529800E+02
  1.6408205E-01  2.4955751E+02
  1.6458230E-01  1.8802586E+02
  1.6508254E-01  2.6337790E+02
  1.6558279E-01  3.7987820E+02
  1.6608305E-01  5.3130109E+02
  1.6658330E-01  2.0381203E+02
  1.6708355E-01  3.3831711E+02
  1.6758379E-01  4.9357489E+02
  1.6808406E-01  3.3773224E+02
  1.6858430E-01  4.2671869E+02
  1.6908455E-01  1.6241418E+02
  1.6958480E-01  9.5343826E+01
  1.7008504E-01  3.5265216E+02
  1.7058530E-01  1.7809753E+02
  1.7108555E-01  3.5531372E+02
  1.7158580E-01  4.7341922E+02
  1.7208605E-01  5.1041522E+02
  1.7258629E-01  4.3439703E+02
  1.7308655E-01  7.7051440E+02
  1.7358680E-01  4.9842435E+02
  1.7408705E-01  4.4900476E+02
  1.7458729E-01  2.8474826E+02
  1.7508756E-01  1.9501205E+02
  1.7558780E-01  2.9036938E+02
  1.7608805E-01  1.1227232E+02
  1.7658830E-01  2.5215921E+02
  1.7708854E-01  2.7440488E+02
  1.7758881E-01  2.5409828E+02
  1.7808905E-01  4.6585956E+02
  1.7858930E-01  8.7065240E+02
  1.7908955E-01  7.9837744E+02
  1.7958981E-01  6.7408020E+02
  1.8009005E-01  5.0118326E+02
  1.8059030E-01  1.7240543E+02
  1.8109055E-01  3.2170502E+02
  1.8159080E-01  3.6544528E+02
  1.8209106E-01  2.4414441E+02
  1.8259130E-01  2.4412338E+02
  1.8309155E-01  3.4632269E+02
  1.8359180E-01  4.2997098E+02
  1.8409204E-01  4.2203958E+02
  1.8459231E-01  4.3429832E+01
  1.8509255E-01  2.9897177E+02
  1.8559280E-01  3.4686115E+02
  1.8609305E-01  2.3707079E+02
  1.8659331E-01  4.0670377E+02
  1.8709356E-01  6.2326807E+02
  1.8759380E-01  2.1353032E+02
  1.8809405E-01  3.3814172E+02
  1.8859430E-01  2.6670413E+02
  1.8909456E-01  3.1213156E+02
  1.8959481E-01  3.0958853E+02
  1.9009505E-01  1.7830167E+02
  1.9059530E-01  1.0232094E+02
  1.9109556E-01  2.0745699E+02
  1.9159581E-01  1.7529379E+02
  1.9209605E-01  2.7387488E+02
  1.9259630E-01  3.7507559E+02
  1.9309655E-01  1.6962930E+02
  1.9359681E-01  1.1311416E+02
  1.9409706E-01  1.9374426E+02
  1.9459730E-01  9.7064583E+01
  1.9509755E-01  4.1717407E+01
  1.9559781E-01  2.1224146E+02
  1.9609806E-01  2.3490891E+02
  1.9659831E-01  3.5707855E+02
  1.9709855E-01  1.9134361E+02
  1.9759880E-01  9.1277771E+01
  1.9809906E-01  3.1339081E+02
  1.9859931E-01  3.1118579E+02
  1.9909956E-01  4.7684497E+02
  1.9959980E-01  5.7615222E+02
  2.0010006E-01  4.3462939E+02
  2.0060031E-01  1.8258238E+02
  2.0110056E-01  3.2530145E+02
  2.0160080E-01  1.9517465E+02
  2.0210105E-01  4.1928409E+02
  2.0260131E-01  2.6421741E+02
  2.0310156E-01  1.3637976E+02
  2.0360181E-01  2.0899962E+02
  2.0410205E-01  3.1948044E+02
  2.0460230E-01  3.1797208E+02
  2.0510256E-01  4.4150992E+02
  2.0560281E-01  4.7970117E+02
  2.0610306E-01  6.8668195E+02
  2.0660330E-01  5.5745776E+02
  2.0710357E-01  4.3343033E+02
  2.0760381E-01  3.1178632E+02
  2.0810406E-01  1.9402394E+02
  2.0860431E-01  1.0686671E+02
  2.0910455E-01  2.8867145E+02
  2.0960481E-01  2.6056946E+02
  2.1010506E-01  1.3361646E+02
  2.1060531E-01  1.3023851E+02
  2.1110556E-01  1.4260379E+02
  2.1160582E-01  3.9794980E+02
  2.1210606E-01  2.3016748E+02
  2.1260631E-01  3.5333865E+02
  2.1310656E-01  5.4624939E+02
  2.1360680E-01  3.4183566E+02
  2.1410707E-01  3.7232944E+02
  2.1460731E-01  2.3866966E+02
  2.1510756E-01  2.3544101E+02
  2.1560781E-01  4.5142551E+02
  2.1610805E-01  3.7107364E+02
  2.1660832E-01  4.6042969E+02
  2.1710856E-01  3.4711887E+02
  2.1760881E-01  4.8393845E+02
  2.1810906E-01  3.4174722E+02
  2.1860932E-01  7.2003149E+02
  2.1910957E-01  6.0078638E+02
  2.1960981E-01  3.4371402E+02
  2.2011006E-01  2.8064200E+02
  2.2061031E-01  4.6793988E+02
  2.2111057E-01  6.2842743E+02
  2.2161081E-01  5.8572736E+02
  2.2211106E-01  4.7784550E+01
  2.2261131E-01  3.4847394E+02
  2.2311157E-01  8.7463585E+01
  2.2361182E-01  6.9861069E+01
  2.2411206E-01  2.1527946E+02
  2.2461231E-01  2.4626982E+02
  2.2511256E-01  1.6230386E+02
  2.2561282E-01  1.4914430E+02
  2.2611307E-01  2.1560904E+02
  2.2661331E-01  1.4058844E+02
  2.2711356E-01  1.7831770E+02
  2.2761382E-01  4.9025204E+02
  2.2811407E-01  2.6988626E+02
  2.2861432E-01  1.5915944E+02
  2.2911456E-01  3.2391983E+02
  2.2961481E-01  4.6956531E+02
  2.3011507E-01  3.7449283E+02
  2.3061532E-01  1.7004626E+02
  2.3111556E-01  1.7912901E+02
  2.3161581E-01  1.3869528E+02
  2.3211607E-01  5.0697791E+02
  2.3261632E-01  2.9237839E+02
  2.3311657E-01  3.0038303E+02
  2.3361681E-01  1.9901312E+02
  2.3411706E-01  3.7233749E+02
  2.3461732E-01  4.7748578E+02
  2.3511757E-01  2.3845122E+02
  2.3561782E-01  1.9023238E+02
  2.3611806E-01  3.1395068E+02
  2.3661831E-01  1.4365361E+02
  2.3711857E-01  1.2990538E+02
  2.3761882E-01  2.1815768E+02
  2.3811907E-01  1.8316705E+02
  2.3861931E-01  3.9180353E+02
  2.3911957E-01  3.3385376E+02
  2.3961982E-01  1.7766814E+02
  2.4012007E-01  1.2108698E+02
  2.4062032E-01  2.2315903E+02
  2.4112056E-01  1.0444618E+02
  2.4162082E-01  3.1381992E+02
  2.4212107E-01  1.4650131E+02
  2.4262132E-01  2.0623315E+02
  2.4312156E-01  2.7134143E+02
  2.4362183E-01  1.7113554E+02
  2.4412207E-01  9.2875603E+01
  2.4462232E-01  2.1695488E+02
  2.4512257E-01  1.2884711E+02
  2.4562281E-01  1.8773416E+02
  2.4612308E-01  8.5135338E+01
  2.4662332E-01  9.8307571E+01
  2.4712357E-01  1.6290822E+02
  2.4762382E-01  2.3959396E+02
  2.4812406E-01  2.3348914E+02
  2.4862432E-01  3.2833694E+02
  2.4912457E-01  1.1191346E+02
  2.4962482E-01  1.5715088E+02
  2.5012508E-01  6.1575565E+01
  2.5062531E-01  1.4289000E+02
  2.5112557E-01  1.5930206E+02
  2.5162584E-01  4.7531673E+01
  2.5212607E-01  8.3488960E+01
  2.5262633E-01  1.3400577E+02
  2.5312656E-01  1.0892569E+02
  2.5362682E-01  1.7302776E+02
  2.5412709E-01  2.8719836E+02
  2.5462732E-01  1.7913086E+02
  2.5512758E-01  3.9431033E+02
  2.5562781E-01  1.5454900E+02
  2.5612807E-01  1.2736432E+02
  2.5662833E-01  1.3295728E+02
  2.5712857E-01  1.7394218E+02
  2.5762883E-01  3.3831989E+02
  2.5812906E-01  2.4454652E+02
  2.5862932E-01  7.3747673E+01
  2.5912958E-01  2.3026160E+02
  2.5962982E-01  2.5922244E+02
  2.6013008E-01  1.9050589E+02
  2.6063031E-01  4.4534714E+02
  2.6113057E-01  1.2531000E+02
  2.6163083E-01  7.3528587E+01
  2.6213107E-01  2.9385794E+02
  2.6263133E-01  5.7855816E+01
  2.6313159E-01  3.6316428E+02
  2.6363182E-01  1.6023186E+02
  2.6413208E-01  5.0105976E+01
  2.6463231E-01  3.0023392E+02
  2.6513258E-01  4.4905832E+02
  2.6563284E-01  2.2265988E+02
  2.6613307E-01  2.2461758E+02
  2.6663333E-01  2.3552713E+02
  2.6713356E-01  2.3764247E+02
  2.6763383E-01  1.9231708E+02
  2.6813409E-01  1.6153551E+02
  2.6863432E-01  3.3237903E+02
  2.6913458E-01  3.0645535E+02
  2.6963481E-01  4.7577069E+02
  2.7013507E-01  2.2571570E+02
  2.7063534E-01  3.4872139E+01
  2.7113557E-01  7.6160995E+01
  2.7163583E-01  9.5123520E+01
  2.7213609E-01  5.9886421E+01
  2.7263632E-01  2.1432240E+02
  2.7313659E-01  1.2246850E+02
  2.7363682E-01  2.4383765E+02
  2.7413708E-01  3.2450208E+02
  2.7463734E-01  1.4625784E+02
  2.7513757E-01  2.6935388E+02
  2.7563784E-01  2.1311885E+02
  2.7613807E-01  1.5262561E+02
  2.7663833E-01  2.5123774E+01
  2.7713859E-01  7.2957870E+01
  2.7763882E-01  1.4804788E+02
  2.7813908E-01  1.5423157E+02
  2.7863932E-01  9.3885223E+01
  2.7913958E-01  2.3822820E+02
  2.7963984E-01  1.1017879E+02
  2.8014007E-01  1.3165863E+02
  2.8064033E-01  2.2840096E+02
  2.8114057E-01  1.0403519E+02
  2.8164083E-01  1.0540510E+02
  2.8214109E-01  1.5036258E+02
  2.8264132E-01  8.4895515E+01
  2.8314158E-01  3.3610455E+02
  2.8364184E-01  2.6067850E+02
  2.8414208E-01  2.0208823E+02
  2.8464234E-01  1.0792722E+02
  2.8514257E-01  1.3848976E+02
  2.8564283E-01  1.6996112E+02
  2.8614309E-01  2.6036111E+02
  2.8664333E-01  1.1346090E+02
  2.8714359E-01  2.3442755E+02
  2.8764382E-01  1.5275208E+02
  2.8814408E-01  1.1540707E+02
  2.8864434E-01  4.8948948E+01
  2.8914458E-01  3.0078247E+02
  2.8964484E-01  2.3865439E+02
  2.9014507E-01  1.2456889E+02
  2.9064533E-01  1.8333263E+02
  2.9114559E-01  7.2273796E+01
  2.9164582E-01  1.5059048E+02
  2.9214609E-01  8.1253578E+01
  2.9264632E-01  7.9894287E+01
  2.9314658E-01  8.8051277E+01
  2.9364684E-01  3.2817394E+01
  2.9414707E-01  1.7332045E+02
  2.9464734E-01  3.1413227E+01
  2.9514760E-01  1.1937583E+02
  2.9564783E-01  1.1336255E+02
  2.9614809E-01  1.4477641E+02
  2.9664832E-01  1.4065211E+02
  2.9714859E-01  1.9044908E+02
  2.9764885E-01  1.1769788E+02
  2.9814908E-01  6.8217064E+01
  2.9864934E-01  9.7681732E+01
  2.9914957E-01  6.6523102E+01
  2.9964983E-01  8.3625359E+01
  3.0015010E-01  1.1957481E+02
  3.0065033E-01  3.2203204E+02
  3.0115059E-01  1.4343393E+02
  3.0165082E-01  1.7230060E+02
  3.0215108E-01  2.3300691E+02
  3.0265135E-01  2.7953888E+02
  3.0315158E-01  2.7101364E+02
  3.0365184E-01  2.2372838E+02
  3.0415207E-01  3.6957031E+01
  3.0465233E-01  2.8686575E+02
  3.0515260E-01  4.1311533E+02
  3.0565283E-01  3.9054398E+02
  3.0615309E-01  3.2722812E+02
  3.0665335E-01  1.5428104E+02
  3.0715358E-01  1.8772147E+02
  3.0765384E-01  1.7519821E+02
  3.0815408E-01  1.7550702E+02
  3.0865434E-01  1.8424452E+02
  3.0915460E-01  1.2458598E+02
  3.0965483E-01  2.3866414E+02
  3.1015509E-01  2.8932028E+02
  3.1065533E-01  1.7355591E+02
  3.1115559E-01  1.5285815E+02
  3.1165585E-01  7.0372353E+01
  3.1215608E-01  8.6060097E+01
  3.1265634E-01  2.4519148E+02
  3.1315657E-01  2.0169933E+02
  3.1365684E-01  1.8300652E+02
  3.1415710E-01  3.0788422E+02
  3.1465733E-01  3.9490091E+02
  3.1515759E-01  4.1661969E+02
  3.1565785E-01  3.8885669E+02
  3.1615809E-01  2.9045706E+02
  3.1665835E-01  3.4011499E+02
  3.1715858E-01  2.5424770E+02
  3.1765884E-01  1.6931387E+02
  3.1815910E-01  2.4397754E+02
  3.1865934E-01  2.9179617E+02
  3.1915960E-01  1.6727081E+02
  3.1965983E-01  1.3330360E+02
  3.2016009E-01  2.4675441E+02
  3.2066035E-01  2.4954762E+02
  3.2116058E-01  2.3013452E+02
  3.2166085E-01  3.3967300E+02
  3.2216108E-01  1.4236708E+02
  3.2266134E-01  8.2336250E+01
  3.2316160E-01  2.0427312E+02
  3.2366183E-01  2.6210944E+02
  3.2416210E-01  2.8936719E+02
  3.2466233E-01  3.1033725E+02
  3.2516259E-01  5.8439835E+01
  3.2566285E-01  1.0311873E+02
  3.2616308E-01  1.1614993E+02
  3.2666335E-01  1.6682735E+02
  3.2716361E-01  2.8902493E+02
  3.2766384E-01  1.4375369E+02
  3.2816410E-01  2.6303061E+02
  3.2866433E-01  1.7914711E+02
  3.2916459E-01  2.5544579E+02
  3.2966486E-01  4.0209235E+02
  3.3016509E-01  4.8368741E+02
  3.3066535E-01  3.4788788E+02
  3.3116558E-01  2.6415784E+02
  3.3166584E-01  1.4377316E+02
  3.3216611E-01  2.6490671E+02
  3.3266634E-01  1.3728712E+02
  3.3316660E-01  2.4437595E+02
  3.3366683E-01  1.6631546E+02
  3.3416709E-01  1.0862064E+02
  3.3466735E-01  1.2842833E+02
  3.3516759E-01  6.5254967E+01
  3.3566785E-01  2.2470270E+02
  3.3616811E-01  1.2647057E+02
  3.3666834E-01  1.9320880E+02
  3.3716860E-01  2.4442099E+02
  3.3766884E-01  1.1043247E+02
  3.3816910E-01  1.4884373E+02
  3.3866936E-01  1.1481538E+02
  3.3916959E-01  2.2077855E+02
  3.3966985E-01  1.6297897E+02
  3.4017009E-01  1.6873613E+02
  3.4067035E-01  1.1725304E+02
  3.4117061E-01  1.8017689E+01
  3.4167084E-01  1.5704340E+02
  3.4217110E-01  2.1912018E+02
  3.4267133E-01  3.9316846E+02
  3.4317160E-01  3.9961349E+02
  3.4367186E-01  4.1146643E+02
  3.4417209E-01  2.9641766E+02
  3.4467235E-01  3.0751419E+02
  3.4517258E-01  8.1926292E+01
  3.4567285E-01  2.0408751E+02
  3.4617311E-01  1.8570172E+02
  3.4667334E-01  1.9437061E+02
  3.4717360E-01  1.6573866E+02
  3.4767386E-01  2.0897266E+02
  3.4817410E-01  1.9747820E+02
  3.4867436E-01  1.8871384E+02
  3.4917459E-01  2.2185156E+02
  3.4967485E-01  8.3945938E+01
  3.5017511E-01  2.7959457E+01
  3.5067534E-01  1.9465811E+02
  3.5117561E-01  1.4388065E+02
  3.5167584E-01  8.4073189E+01
  3.5217610E-01  9.4337006E+01
  3.5267636E-01  1.6299254E+02
  3.5317659E-01  1.2584925E+02
  3.5367686E-01  2.3154404E+02
  3.5417709E-01  1.8313760E+02
  3.5467735E-01  2.1859159E+01
  3.5517761E-01  1.8997548E+02
  3.5567784E-01  2.1245224E+02
  3.5617810E-01  2.6986398E+02
  3.5667834E-01  3.3658234E+02
  3.5717860E-01  2.3003375E+02
  3.5767886E-01  3.0625159E+02
  3.5817909E-01  2.6447980E+02
  3.5867935E-01  1.5680090E+02
  3.5917962E-01  2.5656833E+02
  3.5967985E-01  1.3769003E+02
  3.6018011E-01  3.7045242E+02
  3.6068034E-01  1.8782913E+02
  3.6118060E-01  1.3107472E+02
  3.6168087E-01  2.5110025E+02
  3.6218110E-01  1.7345551E+02
  3.6268136E-01  2.5373132E+02
  3.6318159E-01  2.2158879E+02
  3.6368185E-01  1.4948535E+02
  3.6418211E-01  8.3339378E+01
  3.6468235E-01  1.3289546E+02
  3.6518261E-01  1.1324026E+02
  3.6568284E-01  4.2824135E+01
  3.6618310E-01  8.3265251E+01
  3.6668336E-01  2.3721819E+02
  3.6718360E-01  3.4758118E+02
  3.6768386E-01  4.0781110E+02
  3.6818409E-01  3.4074188E+02
  3.6868435E-01  3.7317966E+02
  3.6918461E-01  2.3868108E+02
  3.6968485E-01  3.8342892E+02
  3.7018511E-01  1.5045392E+02
  3.7068537E-01  1.9043752E+02
  3.7118560E-01  1.7814926E+02
  3.7168586E-01  1.6238728E+02
  3.7218609E-01  7.3248840E+01
  3.7268636E-01  5.2413723E+01
  3.7318662E-01  1.0518060E+02
  3.7368685E-01  2.3047770E+01
  3.7418711E-01  8.8769684E+01
  3.7468734E-01  1.8815146E+02
  3.7518761E-01  9.8003403E+01
  3.7568787E-01  2.3492755E+02
  3.7618810E-01  1.8315352E+02
  3.7668836E-01  6.5780754E+01
  3.7718859E-01  5.9591930E+01
  3.7768885E-01  8.0610916E+01
  3.7818912E-01  7.8038185E+01
  3.7868935E-01  7.0137344E+01
  3.7918961E-01  1.5238412E+02
  3.7968987E-01  1.6308899E+02
  3.8019010E-01  1.5241191E+02
  3.8069037E-01  7.3317528E+01
  3.8119060E-01  1.4466199E+02
  3.8169086E-01  2.1793805E+02
  3.8219112E-01  1.0864452E+02
  3.8269135E-01  2.1189781E+02
  3.8319162E-01  1.1452124E+02
  3.8369185E-01  1.5884422E+02
  3.8419211E-01  2.9330969E+02
  3.8469237E-01  1.7100769E+02
  3.8519260E-01  3.3935165E+02
  3.8569286E-01  1.4386378E+02
  3.8619310E-01  3.1547421E+02
  3.8669336E-01  2.7190744E+02
  3.8719362E-01  3.0485001E+01
  3.8769385E-01  2.0292453E+02
  3.8819411E-01  4.3114918E+01
  3.8869435E-01  1.6476828E+02
  3.8919461E-01  1.2017406E+02
  3.8969487E-01  8.9476028E+01
  3.9019510E-01  5.6028255E+01
  3.9069536E-01  1.2805238E+02
  3.9119563E-01  2.4505289E+02
  3.9169586E-01  1.4786823E+02
  3.9219612E-01  1.2388259E+02
  3.9269635E-01  1.4544478E+02
  3.9319661E-01  1.5977278E+02
  3.9369687E-01  2.0231694E+02
  3.9419711E-01  1.8721390E+02
  3.9469737E-01  1.6034848E+02
  3.9519760E-01  3.4332330E+02
  3.9569786E-01  3.5299194E+02
  3.9619812E-01  1.0846870E+02
  3.9669836E-01  1.2342062E+02
  3.9719862E-01  1.3794952E+02
  3.9769885E-01  1.3021635E+02
  3.9819911E-01  1.2279662E+02
  3.9869937E-01  2.3355434E+01
  3.9919960E-01  1.6849593E+02
  3.9969987E-01  4.8147942E+01
  4.0020013E-01  1.8081963E+02
  4.0070036E-01  2.4485648E+02
  4.0120062E-01  2.9368381E+02
  4.0170085E-01  1.7910289E+02
  4.0220112E-01  1.9345978E+02
  4.0270138E-01  5.8195450E+01
  4.0320161E-01  7.6016182E+01
  4.0370187E-01  1.4852519E+02
  4.0420210E-01  2.1142798E+02
  4.0470237E-01  1.0038401E+02
  4.0520263E-01  1.2109793E+02
  4.0570286E-01  1.5280605E+02
  4.0620312E-01  2.1257173E+02
  4.0670335E-01  8.4394936E+01
  4.0720361E-01  1.1143921E+02
  4.0770388E-01  2.8909518E+02
  4.0820411E-01  1.2445394E+02
  4.0870437E-01  3.9799261E+02
  4.0920460E-01  2.6610956E+02
  4.0970486E-01  5.8850670E+01
  4.1020513E-01  1.1154265E+02
  4.1070536E-01  4.6268341E+01
  4.1120562E-01  3.2406210E+02
  4.1170588E-01  2.5499860E+02
  4.1220611E-01  2.0561735E+01
  4.1270638E-01  1.7616986E+02
  4.1320661E-01  3.3055981E+02
  4.1370687E-01  1.9870239E+02
  4.1420713E-01  2.5776285E+02
  4.1470736E-01  1.1826826E+02
  4.1520762E-01  1.2135725E+02
  4.1570786E-01  3.9293030E+01
  4.1620812E-01  1.3568456E+02
  4.1670838E-01  8.0119621E+01
  4.1720861E-01  1.5640971E+02
  4.1770887E-01  1.4090485E+02
  4.1820911E-01  2.1140453E+02
  4.1870937E-01  2.5885962E+02
  4.1920963E-01  1.8479524E+02
  4.1970986E-01  8.9734352E+01
  4.2021012E-01  6.7030457E+01
  4.2071036E-01  1.7726274E+02
  4.2121062E-01  2.8794455E+02
  4.2171088E-01  3.1732434E+02
  4.2221111E-01  3.0780447E+02
  4.2271137E-01  2.0922417E+02
  4.2321163E-01  2.0421036E+02
  4.2371187E-01  2.0575568E+02
  4.2421213E-01  1.2187173E+02
  4.2471236E-01  4.0650070E+01
  4.2521262E-01  1.2441126E+02
  4.2571288E-01  2.0932065E+02
  4.2621312E-01  3.6996210E+02
  4.2671338E-01  4.0396396E+02
  4.2721361E-01  3.1298099E+02
  4.2771387E-01  2.6651685E+02
  4.2821413E-01  3.7786685E+02
  4.2871436E-01  2.1505754E+02
  4.2921463E-01  1.5746397E+02
  4.2971486E-01  2.7070728E+02
  4.3021512E-01  3.4717816E+02
  4.3071538E-01  3.7051028E+02
  4.3121561E-01  2.2400053E+02
  4.3171588E-01  1.4624397E+02
  4.3221611E-01  4.1159097E+02
  4.3271637E-01  4.1059180E+02
  4.3321663E-01  3.0128375E+02
  4.3371686E-01  1.2240440E+02
  4.3421713E-01  2.7292819E+02
  4.3471739E-01  1.8734189E+02
  4.3521762E-01  2.3874776E+02
  4.3571788E-01  1.7364136E+02
  4.3621811E-01  1.2041703E+02
  4.3671837E-01  1.6033640E+02
  4.3721864E-01  3.1357224E+02
  4.3771887E-01  4.2413107E+02
  4.3821913E-01  1.7708714E+02
  4.3871936E-01  1.2707258E+02
  4.3921962E-01  2.8870554E+02
  4.3971989E-01  1.9732379E+02
  4.4022012E-01  2.6094769E+02
  4.4072038E-01  1.0245363E+02
  4.4122061E-01  9.6230988E+01
  4.4172087E-01  2.4369235E+02
  4.4222113E-01  7.6810799E+01
  4.4272137E-01  1.5795575E+02
  4.4322163E-01  1.2413758E+02
  4.4372189E-01  2.7336646E+02
  4.4422212E-01  3.1593488E+02
  4.4472238E-01  3.4003638E+02
  4.4522262E-01  3.3625186E+02
  4.4572288E-01  2.6789627E+02
  4.4622314E-01  2.1653812E+02
  4.4672337E-01  3.0699438E+02
  4.4722363E-01  1.4441644E+02
  4.4772387E-01  1.7074091E+02
  4.4822413E-01  6.6233459E+01
  4.4872439E-01  5.2975704E+01
  4.4922462E-01  2.6628033E+02
  4.4972488E-01  2.8057718E+02
  4.5022511E-01  2.1350394E+02
  4.5072538E-01  3.0913120E+02
  4.5122564E-01  4.0741733E+02
  4.5172587E-01  2.8302362E+02
  4.5222613E-01  1.3848247E+02
  4.5272636E-01  5.8717651E+01
  4.5322663E-01  2.2897473E+02
  4.5372689E-01  2.2685960E+02
  4.5422712E-01  1.4012108E+02
  4.5472738E-01  1.7059560E+02
  4.5522764E-01  1.1927071E+02
  4.5572788E-01  3.0413910E+02
  4.5622814E-01  3.0987646E+02
  4.5672837E-01  3.6657074E+02
  4.5722863E-01  4.0049527E+02
  4.5772889E-01  2.7129327E+02
  4.5822912E-01  2.8465555E+02
  4.5872939E-01  1.8481615E+02
  4.5922962E-01  2.2483705E+02
  4.5972988E-01  1.4902821E+02
  4.6023014E-01  1.7671976E+02
  4.6073037E-01  1.1524995E+02
  4.6123064E-01  2.2403091E+02
  4.6173087E-01  1.6915321E+02
  4.6223113E-01  1.9356470E+02
  4.6273139E-01  1.7067766E+02
  4.6323162E-01  1.5599478E+02
  4.6373188E-01  3.5203012E+02
  4.6423215E-01  4.0284988E+02
  4.6473238E-01  2.3561034E+02
  4.6523264E-01  1.0943956E+02
  4.6573287E-01  9.0550583E+01
  4.6623313E-01  1.7535617E+02
  4.6673340E-01  1.2376983E+02
  4.6723363E-01  2.2550549E+02
  4.6773389E-01  1.4692221E+02
  4.6823412E-01  1.2707755E+02
  4.6873438E-01  3.0118719E+02
  4.6923465E-01  3.7051624E+02
  4.6973488E-01  3.3738562E+02
  4.7023514E-01  3.4236740E+02
  4.7073537E-01  2.2069048E+02
  4.7123563E-01  1.8953229E+02
  4.7173589E-01  2.9611809E+01
  4.7223613E-01  7.3783714E+01
  4.7273639E-01  1.9662474E+02
  4.7323662E-01  2.1863559E+02
  4.7373688E-01  2.2892146E+02
  4.7423714E-01  1.2995078E+02
  4.7473738E-01  2.3647568E+02
  4.7523764E-01  2.9802347E+01
  4.7573790E-01  1.2116552E+02
  4.7623813E-01  1.1666010E+02
  4.7673839E-01  2.6517941E+01
  4.7723863E-01  1.4668147E+02
  4.7773889E-01  3.1501263E+02
  4.7823915E-01  1.9533124E+02
  4.7873938E-01  1.1321928E+02
  4.7923964E-01  2.1931154E+02
  4.7973987E-01  3.4329239E+02
  4.8024014E-01  2.2850101E+02
  4.8074040E-01  3.6947369E+02
  4.8124063E-01  3.2082306E+02
  4.8174089E-01  5.9341087E+01
  4.8224112E-01  3.0546780E+02
  4.8274139E-01  2.5945605E+02
  4.8324165E-01  3.5021240E+02
  4.8374188E-01  1.2932135E+02
  4.8424214E-01  2.0935371E+02
  4.8474237E-01  7.7693886E+01
  4.8524264E-01  4.0216446E+02
  4.8574290E-01  1.8392076E+02
  4.8624313E-01  1.7902863E+02
  4.8674339E-01  3.4919070E+02
  4.8724365E-01  2.7368085E+02
  4.8774388E-01  2.3277582E+02
  4.8824415E-01  3.6153877E+01
  4.8874438E-01  3.4572974E+02
  4.8924464E-01  1.9929495E+02
  4.8974490E-01  9.7544586E+01
  4.9024513E-01  2.4869130E+02
  4.9074540E-01  1.9376863E+01
  4.9124563E-01  1.7677684E+02
  4.9174589E-01  2.1613728E+01
  4.9224615E-01  2.2799672E+02
  4.9274638E-01  1.8774252E+02
  4.9324664E-01  4.2907117E+02
  4.9374688E-01  3.6308185E+02
  4.9424714E-01  3.7554227E+02
  4.9474740E-01  2.3558527E+02
  4.9524763E-01  1.9654512E+02
  4.9574789E-01  2.3448492E+02
  4.9624813E-01  2.9114719E+02
  4.9674839E-01  2.0201448E+02
  4.9724865E-01  1.8728197E+02
  4.9774888E-01  7.4713913E+01
  4.9824914E-01  1.0422622E+02
  4.9874941E-01  2.4054959E+02
  4.9924964E-01  1.1536090E+02
  4.9974990E-01  1.8565334E+02
