1,0001E-4	0,33634
2,0002E-4	0,86251
3,0003E-4	0,41883
4,0004E-4	2,77486
5,0005E-4	1,47864
6,0006E-4	6,67327
7,0007E-4	2,21819
8,0008E-4	1,33547
9,0009E-4	1,65568
0,001	6,38124
0,0011	1,04113
0,0012	3,70268
0,0013	1,37846
0,0014	2,70327
0,0015	0,39803
0,0016	3,1726
0,0017	0,00152
0,0018	0,28351
0,0019	0,14937
0,002	4,40026
0,0021	3,48413
0,0022	2,79654
0,0023	0,1891
0,0024	2,73242
0,0025	0,69363
0,0026	0,0752
0,0027	1,12792
0,0028	1,67195
0,0029	0,58857
0,003	1,48831
0,0031	2,34754
0,0032	1,77805
0,0033	1,73711
0,0034	0,33274
0,0035	1,10412
0,0036	1,19348
0,0037	3,9478
0,0038	17,82332
0,0039	0,37
0,004	0,63909
0,0041	7,52317
0,0042	0,84503
0,0043	0,01367
0,0044	0,43833
0,0045	1,18572
0,0046	4,35253
0,0047	0,31108
0,0048	3,05219
0,0049	0,60759
0,005	4,90647
0,0051	1,84335
0,0052	0,56907
0,0053	4,35143
0,0054	0,40866
0,0055	1,60222
0,0056	0,57887
0,0057	2,69584
0,0058	1,54527
0,0059	1,22146
0,006	1,60195
0,0061	0,64015
0,0062	0,44033
0,0063	0,91169
0,0064	2,82412
0,0065	1,04551
0,0066	3,05193
0,0067	2,33981
0,0068	0,2499
0,0069	1,46389
0,007	0,45224
0,0071	1,50313
0,0072	1,00061
0,0073	3,14634
0,0074	1,32426
0,0075	2,56882
0,0076	1,28254
0,0077	1,74219
0,0078	0,69634
0,0079	5,25583
0,008	4,73187
0,0081	1,13457
0,0082	1,03506
0,0083	0,67928
0,0084	3,28934
0,0085	1,85839
0,0086	0,21308
0,0087	0,03573
0,0088	0,42646
0,0089	0,91563
0,009	1,5237
0,0091	1,63885
0,0092	0,99138
0,0093	1,42253
0,0094	0,93434
0,0095	0,79265
0,0096	0,7929
0,0097	8,75021
0,0098	0,60445
0,0099	0,71796
0,01	1,84604
0,0101	3,81876
0,0102	4,28519
0,0103	0,52808
0,0104	0,55201
0,0105	1,24941
0,0106	2,70024
0,0107	0,52624
0,0108	1,94924
0,0109	2,30508
0,011	4,46421
0,0111	0,53748
0,0112	2,31235
0,0113	5,76864
0,0114	1,7889
0,0115	1,09556
0,0116	4,45783
0,0117	2,59962
0,0118	2,76076
0,0119	0,22977
0,012	0,79608
0,0121	1,72781
0,0122	3,30004
0,0123	0,84047
0,0124	6,23819
0,0125	1,06305
0,0126	1,32976
0,0127	1,51426
0,0128	1,3407
0,0129	6,13768
0,013	1,88637
0,0131	0,57778
0,0132	0,32008
0,0133	0,48393
0,0134	0,14214
0,0135	1,22359
0,0136	2,66858
0,0137	0,11113
0,0138	2,14349
0,0139	5,4135
0,014	2,15323
0,0141	0,08308
0,0142	0,17424
0,0143	6,95191
0,0144	2,83121
0,0145	0,17219
0,0146	0,26794
0,0147	2,35938
0,0148	6,46061
0,0149	0,57924
0,015	0,10254
0,0151	5,40316
0,0152	2,35473
0,0153	0,15693
0,0154	5,89802
0,0155	0,5274
0,0156	0,75207
0,0157	0,52698
0,0158	4,1852
0,0159	3,4214
0,016	2,34455
0,0161	0,40216
0,0162	0,49688
0,0163	1,00219
0,0164	3,38428
0,0165	1,43703
0,0166	3,39387
0,0167	6,29636
0,0168	0,9075
0,0169	5,94401
0,017	0,236
0,0171	2,19693
0,0172	0,2617
0,0173	1,35394
0,0174	4,17462
0,0175	1,42108
0,0176	0,01301
0,0177	1,36725
0,0178	0,44131
0,0179	6,67709
0,018	4,31591
0,0181	1,61682
0,0182	0,83423
0,0183	8,41756
0,0184	4,18319
0,0185	4,67228
0,0186	0,66806
0,0187	1,10793
0,0188	3,07326
0,0189	0,3036
0,019	0,19899
0,0191	2,00531
0,0192	0,10355
0,0193	1,54372
0,0194	0,24758
0,0195	0,16137
0,0196	0,78576
0,0197	3,70786
0,0198	0,62451
0,0199	0,54588
0,02	1,04241
0,0201	0,77577
0,0202	4,05572
0,0203	1,93274
0,0204	0,49063
0,0205	3,58513
0,0206	0,21661
0,0207	0,1787
0,0208	0,24168
0,0209	0,94205
0,021	1,52368
0,0211	11,61141
0,0212	0,96884
0,0213	3,24876
0,0214	1,92743
0,0215	0,14334
0,0216	1,45054
0,0217	1,33386
0,0218	8,23787
0,0219	1,04746
0,022	0,30149
0,0221	7,13935
0,0222	0,69668
0,0223	0,39723
0,0224	0,65082
0,0225	5,99419
0,0226	1,35857
0,0227	2,90504
0,0228	1,32924
0,0229	1,69204
0,023	0,57386
0,0231	5,81818
0,0232	0,35172
0,0233	3,4502
0,0234	1,68558
0,0235	2,90748
0,0236	2,21084
0,0237	1,05624
0,0238	1,10823
0,0239	0,08328
0,024	2,78537
0,0241	0,38582
0,0242	2,44648
0,0243	1,06324
0,0244	1,84252
0,0245	0,65217
0,0246	1,98401
0,0247	1,48063
0,0248	0,32268
0,0249	1,88894
0,025	1,42816
0,0251	3,16627
0,0252	3,94432
0,0253	1,08426
0,0254	0,30472
0,0255	0,34034
0,0256	1,90439
0,0257	2,09197
0,0258	3,18368
0,0259	4,51754
0,026	0,49619
0,0261	5,73539
0,0262	2,08988
0,0263	0,19605
0,0264	0,49041
0,0265	0,55733
0,0266	0,38718
0,0267	2,49803
0,0268	0,38532
0,0269	1,99071
0,027	3,41978
0,0271	1,66444
0,0272	1,20681
0,0273	1,23756
0,0274	0,5762
0,0275	1,57414
0,0276	0,41605
0,0277	0,90082
0,0278	0,35817
0,0279	7,43138
0,028	1,12004
0,0281	2,50196
0,0282	0,42154
0,0283	7,95748
0,0284	0,01105
0,0285	3,92103
0,0286	2,64225
0,0287	2,28267
0,0288	0,82644
0,0289	0,2402
0,029	0,2516
0,0291	5,14431
0,0292	2,41681
0,0293	0,45394
0,0294	0,67631
0,0295	0,1518
0,0296	0,01849
0,0297	1,11968
0,0298	1,28289
0,0299	3,65913
0,03	3,15744
0,0301	3,69306
0,0302	0,93965
0,0303	3,2552
0,0304	0,02353
0,0305	2,01818
0,0306	9,37382
0,0307	4,3426
0,0308	1,88522
0,0309	0,18885
0,031	2,68424
0,0311	4,55172
0,0312	0,07891
0,0313	1,88142
0,0314	1,4725
0,0315	1,02509
0,0316	1,77034
0,0317	3,39316
0,0318	2,06078
0,0319	4,53152
0,032	1,53445
0,0321	0,66656
0,0322	1,14477
0,0323	0,00561
0,0324	0,72647
0,0325	0,12566
0,0326	3,44468
0,0327	0,25361
0,0328	0,02369
0,0329	0,48116
0,033	0,29713
0,0331	7,32347
0,0332	0,85269
0,0333	5,61381
0,0334	0,50273
0,0335	0,96071
0,0336	0,84569
0,0337	0,75903
0,0338	3,97974
0,0339	0,95429
0,034	5,01911
0,0341	1,72571
0,0342	1,68164
0,0343	0,35089
0,0344	2,31872
0,0345	2,46456
0,0346	0,60713
0,0347	1,00821
0,0348	1,66005
0,0349	0,41218
0,035	4,58861
0,0351	0,15235
0,0352	6,29864
0,0353	4,12672
0,0354	9,60622
0,0355	2,33463
0,0356	0,07896
0,0357	0,83559
0,0358	0,88028
0,0359	1,5089
0,036	3,30446
0,0361	0,29304
0,0362	3,46434
0,0363	4,46827
0,0364	0,24819
0,0365	3,04777
0,0366	2,65767
0,0367	1,69349
0,0368	0,64231
0,0369	0,49123
0,037	3,13257
0,0371	2,54823
0,0372	0,1691
0,0373	0,21775
0,0374	1,29209
0,0375	2,68658
0,0376	2,883
0,0377	1,10443
0,0378	4,17199
0,0379	0,602
0,038	2,65708
0,0381	0,87516
0,0382	0,47869
0,0383	13,1288
0,0384	0,64767
0,0385	1,42415
0,0386	3,38867
0,0387	2,03313
0,0388	1,65883
0,0389	0,65051
0,039	0,33956
0,0391	0,30545
0,0392	1,31026
0,0393	0,55944
0,0394	11,48896
0,0395	0,16046
0,0396	2,67672
0,0397	1,85737
0,0398	0,89127
0,0399	4,22156
0,04	2,06995
0,0401	3,2378
0,0402	1,63791
0,0403	1,1772
0,0404	1,2984
0,0405	0,18041
0,0406	3,39508
0,0407	2,18083
0,0408	3,26029
0,0409	1,58268
0,041	2,26774
0,0411	2,08041
0,0412	1,20208
0,0413	9,02412
0,0414	0,81742
0,0415	1,50122
0,0416	1,67108
0,0417	1,01818
0,0418	1,55397
0,0419	0,56563
0,042	1,65327
0,0421	0,20895
0,0422	2,18449
0,0423	0,14672
0,0424	2,64088
0,0425	0,66488
0,0426	0,21376
0,0427	3,27241
0,0428	2,83767
0,0429	1,43932
0,043	1,44074
0,0431	0,28286
0,0432	0,01656
0,0433	0,84823
0,0434	1,02323
0,0435	1,04649
0,0436	0,03758
0,0437	0,08116
0,0438	6,59382
0,0439	6,01567
0,044	2,45607
0,0441	0,01422
0,0442	0,04666
0,0443	0,14275
0,0444	1,76685
0,0445	5,67843
0,0446	2,44935
0,0447	0,26435
0,0448	3,94951
0,0449	0,94015
0,045	2,36519
0,0451	1,0441
0,0452	4,48182
0,0453	4,65943
0,0454	0,37517
0,0455	1,96556
0,0456	0,71947
0,0457	0,97064
0,0458	1,81853
0,0459	0,98749
0,046	0,96611
0,0461	1,00919
0,0462	1,10959
0,0463	2,94645
0,0464	4,38787
0,0465	5,21307
0,0466	0,78635
0,0467	3,62875
0,0468	5,60294
0,0469	0,94202
0,047	0,39002
0,0471	3,29438
0,0472	0,67324
0,0473	1,80861
0,0474	1,1058
0,0475	0,14668
0,0476	2,83069
0,0477	2,94737
0,0478	8,40051
0,0479	0,23667
0,048	6,18856
0,0481	0,87828
0,0482	0,39464
0,0483	0,46765
0,0484	0,22844
0,0485	0,73376
0,0486	4,48979
0,0487	3,40279
0,0488	0,78328
0,0489	3,32696
0,049	0,08027
0,0491	2,26135
0,0492	0,1843
0,0493	1,03274
0,0494	0,55662
0,0495	2,30145
0,0496	1,81596
0,0497	0,00862
0,0498	2,39676
0,0499	3,79161
0,05	6,27907
0,05011	0,45179
0,05021	1,15893
0,05031	1,00872
0,05041	3,20694
0,05051	0,82571
0,05061	0,28874
0,05071	2,43613
0,05081	1,86435
0,05091	1,20563
0,05101	1,76809
0,05111	1,60754
0,05121	2,79949
0,05131	1,09259
0,05141	2,50025
0,05151	0,39446
0,05161	0,18525
0,05171	2,9004
0,05181	9,13851
0,05191	0,82692
0,05201	0,19362
0,05211	1,29842
0,05221	0,46468
0,05231	9,96074
0,05241	1,14548
0,05251	2,62843
0,05261	1,83416
0,05271	1,19937
0,05281	3,10395
0,05291	2,66229
0,05301	8,42399
0,05311	0,98534
0,05321	1,27009
0,05331	2,68518
0,05341	5,18739
0,05351	4,73324
0,05361	1,78845
0,05371	1,16047
0,05381	1,91908
0,05391	0,0499
0,05401	0,76992
0,05411	3,74201
0,05421	3,05465
0,05431	6,55922
0,05441	3,74569
0,05451	0,26943
0,05461	0,15072
0,05471	0,33119
0,05481	0,56561
0,05491	0,81972
0,05501	8,27578
0,05511	1,54343
0,05521	1,21205
0,05531	0,25921
0,05541	1,79295
0,05551	0,70784
0,05561	3,71296
0,05571	1,10239
0,05581	3,13364
0,05591	3,94431
0,05601	2,2738
0,05611	0,13026
0,05621	10,34803
0,05631	1,63948
0,05641	0,5946
0,05651	2,44092
0,05661	0,63085
0,05671	1,16523
0,05681	0,33332
0,05691	2,2724
0,05701	2,79272
0,05711	3,40097
0,05721	0,82408
0,05731	0,46059
0,05741	0,47812
0,05751	0,81827
0,05761	4,04782
0,05771	3,72493
0,05781	2,95121
0,05791	0,67088
0,05801	0,22582
0,05811	0,04221
0,05821	5,08636
0,05831	1,99846
0,05841	2,18125
0,05851	3,19407
0,05861	1,97572
0,05871	0,33143
0,05881	3,67089
0,05891	4,05464
0,05901	0,28323
0,05911	0,36477
0,05921	0,00279
0,05931	0,84559
0,05941	4,79793
0,05951	0,70206
0,05961	0,16897
0,05971	2,20239
0,05981	2,16982
0,05991	2,87896
0,06001	0,06721
0,06011	1,06761
0,06021	2,31842
0,06031	0,3231
0,06041	1,23674
0,06051	0,68989
0,06061	0,13539
0,06071	0,33329
0,06081	0,02396
0,06091	5,19225
0,06101	1,72904
0,06111	0,97456
0,06121	0,15325
0,06131	1,33947
0,06141	0,45034
0,06151	1,11264
0,06161	0,51558
0,06171	0,11943
0,06181	0,35121
0,06191	4,75406
0,06201	2,76766
0,06211	0,13376
0,06221	0,2224
0,06231	1,28793
0,06241	4,10227
0,06251	0,30819
0,06261	7,1217
0,06271	0,32299
0,06281	1,90001
0,06291	0,75441
0,06301	3,29657
0,06311	7,8597
0,06321	0,66475
0,06331	3,18204
0,06341	0,15327
0,06351	3,28599
0,06361	4,78256
0,06371	2,31741
0,06381	1,50219
0,06391	4,06357
0,06401	1,0927
0,06411	0,5517
0,06421	1,26762
0,06431	4,42179
0,06441	1,90673
0,06451	2,79941
0,06461	0,64975
0,06471	2,05726
0,06481	1,18585
0,06491	1,73709
0,06501	0,08591
0,06511	0,11631
0,06521	1,07012
0,06531	0,93751
0,06541	1,07785
0,06551	0,5437
0,06561	1,1142
0,06571	1,12165
0,06581	4,08746
0,06591	1,20271
0,06601	0,90674
0,06611	0,25567
0,06621	5,60514
0,06631	0,0693
0,06641	1,12721
0,06651	1,58669
0,06661	0,94905
0,06671	2,63745
0,06681	0,34591
0,06691	2,34594
0,06701	3,57235
0,06711	3,0458
0,06721	2,2041
0,06731	1,80579
0,06741	1,32446
0,06751	0,57117
0,06761	4,44319
0,06771	0,10883
0,06781	0,27434
0,06791	2,15499
0,06801	1,22087
0,06811	0,48895
0,06821	0,85075
0,06831	0,14744
0,06841	0,96994
0,06851	0,33954
0,06861	1,07953
0,06871	3,63562
0,06881	3,6546
0,06891	6,36629
0,06901	0,36846
0,06911	0,22894
0,06921	2,32402
0,06931	0,7161
0,06941	0,10698
0,06951	0,16208
0,06961	0,55949
0,06971	2,71521
0,06981	0,07001
0,06991	10,71284
0,07001	1,30307
0,07011	0,9236
0,07021	1,52565
0,07031	0,3473
0,07041	3,24633
0,07051	3,94197
0,07061	0,75179
0,07071	0,29731
0,07081	4,13795
0,07091	2,04801
0,07101	2,22278
0,07111	5,09073
0,07121	4,24393
0,07131	0,41411
0,07141	0,92305
0,07151	4,77396
0,07161	3,64386
0,07171	0,12816
0,07181	3,55997
0,07191	1,3303
0,07201	0,12935
0,07211	1,57639
0,07221	0,36328
0,07231	0,11618
0,07241	2,49503
0,07251	1,61432
0,07261	1,43467
0,07271	5,51067
0,07281	0,33013
0,07291	0,8824
0,07301	0,42854
0,07311	0,61264
0,07321	0,67089
0,07331	1,32145
0,07341	1,31754
0,07351	2,73124
0,07361	0,02629
0,07371	4,88457
0,07381	7,32175
0,07391	0,54583
0,07401	1,00261
0,07411	0,24618
0,07421	0,40417
0,07431	1,58418
0,07441	0,87
0,07451	0,97841
0,07461	3,14666
0,07471	1,47525
0,07481	5,10636
0,07491	0,32254
0,07501	1,29019
0,07511	0,33558
0,07521	0,79975
0,07531	0,5486
0,07541	0,35134
0,07551	1,4655
0,07561	4,88994
0,07571	1,20428
0,07581	0,57111
0,07591	1,10488
0,07601	0,46018
0,07611	7,28659
0,07621	0,05
0,07631	1,88844
0,07641	0,41717
0,07651	2,679
0,07661	2,94821
0,07671	0,88141
0,07681	4,44357
0,07691	8,1473
0,07701	0,81671
0,07711	5,9751
0,07721	4,12096
0,07731	1,82531
0,07741	1,86256
0,07751	1,14075
0,07761	1,37581
0,07771	1,67553
0,07781	0,08938
0,07791	0,03705
0,07801	0,72943
0,07811	0,22966
0,07821	5,93023
0,07831	0,94118
0,07841	0,81012
0,07851	3,2759
0,07861	0,51609
0,07871	1,51675
0,07881	4,15924
0,07891	1,43074
0,07901	3,11038
0,07911	0,44595
0,07921	0,99604
0,07931	2,37443
0,07941	0,83633
0,07951	0,55358
0,07961	2,50926
0,07971	0,6581
0,07981	2,95609
0,07991	2,795
0,08001	0,61187
0,08011	0,71232
0,08021	0,58958
0,08031	2,73865
0,08041	1,10788
0,08051	5,84627
0,08061	4,15429
0,08071	1,32809
0,08081	1,49682
0,08091	0,83687
0,08101	2,89505
0,08111	8,8974
0,08121	2,80623
0,08131	0,32548
0,08141	0,21725
0,08151	5,68968
0,08161	4,93129
0,08171	1,3392
0,08181	0,81221
0,08191	3,22596
0,08201	0,47413
0,08211	2,76148
0,08221	0,41755
0,08231	7,84832
0,08241	0,98609
0,08251	0,26199
0,08261	0,17351
0,08271	1,48126
0,08281	4,34433
0,08291	2,95393
0,08301	0,10634
0,08311	2,26772
0,08321	0,31342
0,08331	4,54238
0,08341	3,26906
0,08351	2,02916
0,08361	1,69436
0,08371	3,6457
0,08381	0,8973
0,08391	0,44684
0,08401	1,66128
0,08411	2,13705
0,08421	1,74115
0,08431	0,27684
0,08441	7,21588
0,08451	1,34728
0,08461	3,315
0,08471	0,72208
0,08481	0,9601
0,08491	1,09897
0,08501	0,36447
0,08511	1,28567
0,08521	0,32878
0,08531	2,91172
0,08541	2,20112
0,08551	4,71805
0,08561	2,18571
0,08571	1,45937
0,08581	5,85026
0,08591	7,33051
0,08601	0,88725
0,08611	2,79802
0,08621	1,86462
0,08631	1,24393
0,08641	0,95207
0,08651	5,38536
0,08661	0,02834
0,08671	1,36225
0,08681	1,42892
0,08691	3,02604
0,08701	6,72574
0,08711	9,26382
0,08721	0,68947
0,08731	1,58261
0,08741	1,08861
0,08751	10,39419
0,08761	1,6297
0,08771	1,85054
0,08781	1,33697
0,08791	5,13879
0,08801	0,1956
0,08811	2,24736
0,08821	3,73848
0,08831	0,78873
0,08841	2,18375
0,08851	0,79746
0,08861	0,88877
0,08871	1,39203
0,08881	0,48998
0,08891	1,75193
0,08901	0,6296
0,08911	0,55606
0,08921	0,38215
0,08931	0,56877
0,08941	8,15608
0,08951	3,09722
0,08961	1,43987
0,08971	5,23449
0,08981	1,03293
0,08991	7,92777
0,09001	1,88475
0,09011	2,23878
0,09021	0,07935
0,09031	1,9927
0,09041	5,36246
0,09051	1,22426
0,09061	1,52978
0,09071	4,60094
0,09081	0,88436
0,09091	5,11599
0,09101	0,06773
0,09111	5,81627
0,09121	0,36852
0,09131	0,57414
0,09141	0,3843
0,09151	0,39046
0,09161	0,14227
0,09171	2,28496
0,09181	2,0625
0,09191	0,96327
0,09201	1,76214
0,09211	2,63085
0,09221	1,23229
0,09231	1,55169
0,09241	2,72737
0,09251	3,73087
0,09261	0,81785
0,09271	1,40116
0,09281	0,09898
0,09291	0,74664
0,09301	4,71282
0,09311	1,2357
0,09321	0,39975
0,09331	4,20297
0,09341	0,75021
0,09351	2,45556
0,09361	0,63019
0,09371	0,04918
0,09381	2,0418
0,09391	3,77052
0,09401	0,95298
0,09411	5,5782
0,09421	0,22226
0,09431	0,70059
0,09441	2,3366
0,09451	4,44955
0,09461	2,06344
0,09471	0,47163
0,09481	9,06035
0,09491	0,48098
0,09501	3,39551
0,09511	4,7734
0,09521	0,93701
0,09531	4,13563
0,09541	1,06661
0,09551	3,71305
0,09561	0,34551
0,09571	2,87865
0,09581	0,58094
0,09591	0,41591
0,09601	0,09043
0,09611	0,44028
0,09621	4,26369
0,09631	2,82908
0,09641	0,3617
0,09651	1,88954
0,09661	0,24263
0,09671	0,52984
0,09681	0,71395
0,09691	0,47701
0,09701	6,6885
0,09711	1,55446
0,09721	3,84964
0,09731	1,87829
0,09741	0,49684
0,09751	0,37466
0,09761	0,51972
0,09771	1,55479
0,09781	2,01135E-4
0,09791	0,27954
0,09801	2,1695
0,09811	0,58422
0,09821	3,87482
0,09831	2,00708
0,09841	0,81465
0,09851	2,61523
0,09861	1,95748
0,09871	1,25682
0,09881	5,2852
0,09891	1,41797
0,09901	3,21474
0,09911	2,60162
0,09921	0,39048
0,09931	0,55401
0,09941	1,1717
0,09951	4,11868
0,09961	1,84369
0,09971	0,48566
0,09981	0,93718
0,09991	1,2414
0,10001	3,2209
0,10011	3,09131
0,10021	2,06772
0,10031	3,4304
0,10041	3,70105
0,10051	1,31851
0,10061	5,24153
0,10071	0,49529
0,10081	0,08327
0,10091	0,4364
0,10101	2,1458
0,10111	1,87062
0,10121	0,19852
0,10131	3,52515
0,10141	0,17269
0,10151	1,98412
0,10161	0,2306
0,10171	1,63549
0,10181	3,18428
0,10191	1,03747
0,10201	0,17443
0,10211	1,46016
0,10221	0,50282
0,10231	1,24769
0,10241	0,31574
0,10251	5,20894
0,10261	1,51428
0,10271	0,83379
0,10281	3,37394
0,10291	3,91335
0,10301	1,20087
0,10311	0,14775
0,10321	0,90586
0,10331	0,57711
0,10341	1,94676
0,10351	8,43176
0,10361	1,58088
0,10371	1,38646
0,10381	2,28877
0,10391	4,0805
0,10401	0,5625
0,10411	1,55852
0,10421	0,69109
0,10431	0,43146
0,10441	0,73148
0,10451	1,07392
0,10461	0,67837
0,10471	2,00038
0,10481	0,10324
0,10491	9,49867
0,10501	7,3132
0,10511	0,09088
0,10521	1,10023
0,10531	3,64776
0,10541	1,24062
0,10551	0,6797
0,10561	0,3241
0,10571	0,39456
0,10581	0,054
0,10591	2,62618
0,10601	1,18639
0,10611	0,17737
0,10621	2,35296
0,10631	1,04379
0,10641	1,69083
0,10651	2,37988
0,10661	1,13118
0,10671	3,38178
0,10681	0,19519
0,10691	0,22241
0,10701	2,38792
0,10711	5,55683
0,10721	0,41369
0,10731	0,48444
0,10741	1,24842
0,10751	0,6188
0,10761	3,26374
0,10771	2,3337
0,10781	5,07527
0,10791	0,94866
0,10801	1,34793
0,10811	3,31997
0,10821	0,54794
0,10831	2,97605
0,10841	2,23514
0,10851	6,20501
0,10861	0,43706
0,10871	1,42867
0,10881	2,99054
0,10891	0,38007
0,10901	2,45795
0,10911	0,2813
0,10921	11,78143
0,10931	1,96691
0,10941	0,036
0,10951	1,47768
0,10961	3,52619
0,10971	1,67762
0,10981	5,99856
0,10991	2,45504
0,11001	1,62185
0,11011	0,09915
0,11021	2,11277
0,11031	0,73288
0,11041	1,10485
0,11051	0,62187
0,11061	4,238
0,11071	0,86769
0,11081	1,15798
0,11091	2,08978
0,11101	0,36078
0,11111	3,97965
0,11121	0,06719
0,11131	0,93084
0,11141	3,06213
0,11151	0,59677
0,11161	0,59657
0,11171	12,89623
0,11181	0,55123
0,11191	3,98261
0,11201	1,36861
0,11211	1,37249
0,11221	0,96645
0,11231	0,5309
0,11241	0,626
0,11251	0,22313
0,11261	4,49717
0,11271	3,05201
0,11281	1,54668
0,11291	1,02186
0,11301	2,69356
0,11311	1,05988
0,11321	1,30148
0,11331	2,1505
0,11341	2,01243
0,11351	0,55544
0,11361	0,63904
0,11371	1,87232
0,11381	0,79245
0,11391	0,05669
0,11401	5,50934
0,11411	2,03557
0,11421	0,09662
0,11431	4,41676
0,11441	3,31343
0,11451	0,35884
0,11461	1,60549
0,11471	2,32165
0,11481	0,26616
0,11491	5,96323
0,11501	0,27226
0,11511	4,95676
0,11521	1,4086
0,11531	0,24914
0,11541	0,34614
0,11551	6,17083
0,11561	1,24035
0,11571	1,19455
0,11581	0,86455
0,11591	5,25356
0,11601	1,41797
0,11611	3,00554
0,11621	0,56964
0,11631	0,61902
0,11641	1,90907
0,11651	0,97249
0,11661	1,53878
0,11671	0,10565
0,11681	2,87105
0,11691	0,61273
0,11701	1,99507
0,11711	0,16815
0,11721	3,15463
0,11731	0,00289
0,11741	1,05293
0,11751	1,92204
0,11761	0,03052
0,11771	0,37658
0,11781	1,25956
0,11791	0,76307
0,11801	6,17238
0,11811	7,00416
0,11821	2,88326
0,11831	2,28592
0,11841	1,29738
0,11851	0,08125
0,11861	1,55252
0,11871	1,2424
0,11881	2,8886
0,11891	4,27216
0,11901	3,66307
0,11911	0,23278
0,11921	0,22524
0,11931	0,42893
0,11941	1,27642
0,11951	5,04167
0,11961	2,42949
0,11971	2,57071
0,11981	1,71269
0,11991	1,03894
0,12001	0,30767
0,12011	2,22248
0,12021	3,08811
0,12031	0,02372
0,12041	1,0726
0,12051	3,09912
0,12061	2,29114
0,12071	2,50937
0,12081	0,11375
0,12091	0,00558
0,12101	1,44462
0,12111	1,41776
0,12121	0,71532
0,12131	0,39218
0,12141	1,33134
0,12151	0,80044
0,12161	1,6448
0,12171	2,50104
0,12181	5,34572
0,12191	0,6474
0,12201	1,17959
0,12211	4,29601
0,12221	0,39332
0,12231	0,12554
0,12241	7,08902
0,12251	3,93132
0,12261	5,15524
0,12271	2,82856
0,12281	2,11795
0,12291	2,26517
0,12301	0,4435
0,12311	0,60915
0,12321	0,50766
0,12331	1,74722
0,12341	0,42908
0,12351	2,66204
0,12361	1,93319
0,12371	0,44668
0,12381	3,9007
0,12391	3,23316
0,12401	1,49247
0,12411	2,382
0,12421	0,79919
0,12431	0,58859
0,12441	0,65221
0,12451	0,91317
0,12461	0,06164
0,12471	0,61956
0,12481	4,28827
0,12491	1,77261
0,12501	0,03614
0,12511	1,30297
0,12521	1,22669
0,12531	0,71882
0,12541	0,92811
0,12551	0,28198
0,12561	0,80391
0,12571	1,56718
0,12581	0,89619
0,12591	1,40965
0,12601	0,55187
0,12611	0,83393
0,12621	0,5977
0,12631	4,38718
0,12641	1,0281
0,12651	1,1465
0,12661	4,60453
0,12671	2,85473
0,12681	12,5463
0,12691	0,36661
0,12701	0,22143
0,12711	2,23845
0,12721	0,14113
0,12731	6,06881
0,12741	0,8139
0,12751	1,98772
0,12761	0,04576
0,12771	5,63223
0,12781	1,83859
0,12791	2,50956
0,12801	0,12961
0,12811	1,72773
0,12821	4,15406
0,12831	0,6976
0,12841	2,84731
0,12851	3,179
0,12861	0,1301
0,12871	1,85463
0,12881	5,11521
0,12891	0,24662
0,12901	0,35544
0,12911	1,03648
0,12921	2,15919
0,12931	0,27656
0,12941	6,98548
0,12951	1,31974
0,12961	0,36809
0,12971	1,61886
0,12981	1,97366
0,12991	1,50183
0,13001	3,55884
0,13011	0,12342
0,13021	0,96734
0,13031	0,69504
0,13041	2,89733
0,13051	5,69352
0,13061	2,66752
0,13071	6,40386
0,13081	10,94542
0,13091	1,89797
0,13101	0,06314
0,13111	1,14544
0,13121	1,57501
0,13131	7,87619
0,13141	1,94389
0,13151	0,14976
0,13161	4,51963
0,13171	2,75817
0,13181	1,54259
0,13191	0,07475
0,13201	0,75658
0,13211	0,28611
0,13221	1,39517
0,13231	2,6449
0,13241	1,9041
0,13251	5,43341
0,13261	1,11711
0,13271	2,21084
0,13281	6,30265
0,13291	1,17044
0,13301	5,93415
0,13311	0,25351
0,13321	0,14447
0,13331	1,50537
0,13341	1,20742
0,13351	0,01177
0,13361	0,08134
0,13371	8,5603
0,13381	4,54853
0,13391	3,68444
0,13401	1,63399
0,13411	2,87606
0,13421	2,47305
0,13431	0,22055
0,13441	0,27896
0,13451	0,37414
0,13461	1,10775
0,13471	1,77489
0,13481	0,96614
0,13491	4,91665
0,13501	2,36929
0,13511	1,11633
0,13521	2,48342
0,13531	0,80199
0,13541	0,95608
0,13551	3,22728
0,13561	2,44139
0,13571	5,42065
0,13581	2,27852
0,13591	0,56985
0,13601	0,68499
0,13611	0,25689
0,13621	4,44276
0,13631	0,49725
0,13641	1,14087
0,13651	4,24774
0,13661	1,62824
0,13671	2,31773
0,13681	0,27054
0,13691	2,15542
0,13701	6,08375
0,13711	18,09911
0,13721	4,04505
0,13731	0,71178
0,13741	2,34092
0,13751	3,38022
0,13761	1,72445
0,13771	1,50325
0,13781	5,01076
0,13791	4,46204
0,13801	4,39978
0,13811	3,86776
0,13821	0,51235
0,13831	0,63568
0,13841	2,33795
0,13851	2,90959
0,13861	5,56958
0,13871	0,27872
0,13881	1,74823
0,13891	2,91405
0,13901	7,71989
0,13911	0,50097
0,13921	1,27824
0,13931	1,01476
0,13941	0,0434
0,13951	0,46455
0,13961	4,95455
0,13971	1,79455
0,13981	0,4383
0,13991	0,04339
0,14001	7,33264
0,14011	2,88105
0,14021	0,02381
0,14031	2,10123
0,14041	0,08582
0,14051	0,62025
0,14061	2,1469
0,14071	1,20897
0,14081	3,00296
0,14091	3,14872
0,14101	0,98129
0,14111	2,09539
0,14121	0,13225
0,14131	0,90101
0,14141	4,23945
0,14151	2,48896
0,14161	0,04208
0,14171	8,32861
0,14181	1,75759
0,14191	8,14676
0,14201	2,22911
0,14211	0,05807
0,14221	1,49193
0,14231	1,14983
0,14241	0,31813
0,14251	1,77084
0,14261	2,95542
0,14271	0,11541
0,14281	0,45768
0,14291	0,66719
0,14301	3,75357
0,14311	3,92475
0,14321	1,2229
0,14331	1,73964
0,14341	1,28068
0,14351	4,48889
0,14361	0,52981
0,14371	5,73652
0,14381	1,46176
0,14391	0,42118
0,14401	1,47506
0,14411	0,12551
0,14421	3,47122
0,14431	1,94116
0,14441	2,14383
0,14451	0,84532
0,14461	0,44946
0,14471	3,97743
0,14481	0,79765
0,14491	1,482
0,14501	1,84175
0,14511	0,72905
0,14521	3,51177
0,14531	4,68856
0,14541	1,56057
0,14551	1,55526
0,14561	0,30487
0,14571	1,62673
0,14581	1,77886
0,14591	0,35049
0,14601	0,35171
0,14611	0,9465
0,14621	4,46973
0,14631	0,46471
0,14641	0,06006
0,14651	0,15313
0,14661	0,94606
0,14671	1,57711
0,14681	1,73084
0,14691	1,37542
0,14701	5,60987
0,14711	5,33139
0,14721	0,98545
0,14731	0,29916
0,14741	3,78921
0,14751	0,29979
0,14761	0,73112
0,14771	1,23538
0,14781	0,18039
0,14791	1,06178
0,14801	3,98304
0,14811	1,92407
0,14821	0,53164
0,14831	0,14742
0,14841	0,51225
0,14851	0,06742
0,14861	2,72675
0,14871	0,46687
0,14881	2,75479
0,14891	1,51214
0,14901	0,10139
0,14911	1,78287
0,14921	0,81699
0,14931	8,04622
0,14941	0,6173
0,14951	2,02053
0,14961	3,87748
0,14971	1,22488
0,14981	3,36412
0,14991	3,46221
0,15002	0,50177
0,15012	0,76382
0,15022	1,81806
0,15032	1,5189
0,15042	0,08035
0,15052	4,61782
0,15062	1,27632
0,15072	0,67938
0,15082	2,19214
0,15092	3,5404
0,15102	3,92626
0,15112	1,31034
0,15122	0,99973
0,15132	1,7168
0,15142	0,8938
0,15152	3,92631
0,15162	0,56381
0,15172	1,52894
0,15182	0,16091
0,15192	0,43505
0,15202	0,75312
0,15212	3,3301
0,15222	1,75093
0,15232	2,25019
0,15242	2,15502
0,15252	3,63105
0,15262	3,9698
0,15272	0,40918
0,15282	0,83866
0,15292	1,37047
0,15302	0,14698
0,15312	0,92114
0,15322	1,19926
0,15332	0,75432
0,15342	2,04905
0,15352	0,78789
0,15362	2,89894
0,15372	0,85482
0,15382	1,43566
0,15392	1,86348
0,15402	4,53588
0,15412	0,1413
0,15422	1,56167
0,15432	2,13479
0,15442	0,49469
0,15452	1,3764
0,15462	0,72735
0,15472	0,05006
0,15482	0,8806
0,15492	3,08259
0,15502	2,23586
0,15512	1,24867
0,15522	5,65079
0,15532	5,54279
0,15542	1,70213
0,15552	0,32215
0,15562	6,16901
0,15572	1,90437
0,15582	0,27132
0,15592	0,75413
0,15602	0,42925
0,15612	3,1536
0,15622	2,40363
0,15632	0,13167
0,15642	0,55401
0,15652	0,54677
0,15662	0,12034
0,15672	1,31967
0,15682	0,8787
0,15692	1,29678
0,15702	2,68606
0,15712	0,60779
0,15722	10,77889
0,15732	3,90929
0,15742	1,28582
0,15752	0,71993
0,15762	2,81073
0,15772	5,46979
0,15782	0,84647
0,15792	1,59777
0,15802	1,85558
0,15812	0,67356
0,15822	0,13541
0,15832	0,06837
0,15842	0,97436
0,15852	1,80122
0,15862	0,78292
0,15872	0,62163
0,15882	0,10972
0,15892	0,75287
0,15902	1,47174
0,15912	1,04884
0,15922	0,25118
0,15932	1,42162
0,15942	2,45512
0,15952	7,8183
0,15962	5,42432
0,15972	4,96647
0,15982	1,62245
0,15992	6,92059
0,16002	3,99132
0,16012	0,66716
0,16022	5,16745
0,16032	0,92834
0,16042	1,97216
0,16052	6,87759
0,16062	1,23673
0,16072	1,64303
0,16082	2,88934
0,16092	1,21417
0,16102	0,35973
0,16112	0,48294
0,16122	0,41315
0,16132	0,47734
0,16142	2,00116
0,16152	1,43057
0,16162	0,44271
0,16172	4,53167
0,16182	5,88351
0,16192	1,68924
0,16202	0,17157
0,16212	4,39402
0,16222	4,77072
0,16232	0,37404
0,16242	0,28953
0,16252	2,92111
0,16262	2,62558
0,16272	1,25617
0,16282	9,77891
0,16292	1,81485
0,16302	2,18933
0,16312	3,89333
0,16322	4,60292
0,16332	6,30301
0,16342	2,37498
0,16352	7,95964
0,16362	4,46106
0,16372	1,64727
0,16382	0,49375
0,16392	1,64813
0,16402	3,37044
0,16412	4,43076
0,16422	1,80939
0,16432	1,34022
0,16442	1,17323
0,16452	0,10388
0,16462	3,68473
0,16472	0,9808
0,16482	1,95956
0,16492	0,81432
0,16502	4,89488
0,16512	0,28368
0,16522	0,07521
0,16532	0,56095
0,16542	2,79182
0,16552	2,52133
0,16562	2,94066
0,16572	3,01591
0,16582	0,3619
0,16592	0,23996
0,16602	1,17576
0,16612	1,59264
0,16622	0,51935
0,16632	0,24306
0,16642	1,76465
0,16652	4,35306
0,16662	1,29718
0,16672	5,82266
0,16682	0,88678
0,16692	0,0438
0,16702	5,88464
0,16712	2,51038
0,16722	1,12281
0,16732	0,12536
0,16742	4,72361
0,16752	1,50291
0,16762	1,32255
0,16772	0,92003
0,16782	1,40214
0,16792	0,25749
0,16802	2,0951
0,16812	1,35963
0,16822	0,03146
0,16832	3,69596
0,16842	0,80163
0,16852	5,89618
0,16862	3,6205
0,16872	2,17446
0,16882	0,76717
0,16892	1,3545
0,16902	2,5501
0,16912	3,5306
0,16922	0,25744
0,16932	0,60287
0,16942	0,97855
0,16952	4,80501
0,16962	5,5325
0,16972	0,53809
0,16982	0,89031
0,16992	4,80473
0,17002	0,22498
0,17012	1,6278
0,17022	2,51058
0,17032	2,39574
0,17042	0,3876
0,17052	0,98586
0,17062	4,4746
0,17072	2,95168
0,17082	1,76513
0,17092	0,12692
0,17102	2,81899
0,17112	0,2573
0,17122	5,07799
0,17132	4,56532
0,17142	0,1677
0,17152	0,379
0,17162	0,0878
0,17172	3,53096
0,17182	0,24133
0,17192	1,60497
0,17202	1,53074
0,17212	0,20744
0,17222	1,67683
0,17232	2,97491
0,17242	1,58204
0,17252	2,08655
0,17262	2,83667
0,17272	0,0374
0,17282	1,98224
0,17292	2,94053
0,17302	1,23516
0,17312	3,2865
0,17322	5,67271
0,17332	2,24528
0,17342	0,14238
0,17352	1,07612
0,17362	0,58807
0,17372	1,13895
0,17382	0,69958
0,17392	0,20993
0,17402	2,1211
0,17412	0,1414
0,17422	7,08693
0,17432	0,22286
0,17442	2,13868
0,17452	2,87539
0,17462	3,72484
0,17472	1,65329
0,17482	0,74178
0,17492	1,45676
0,17502	0,31134
0,17512	0,61991
0,17522	2,60248
0,17532	2,30463
0,17542	2,48291
0,17552	0,04865
0,17562	2,22315
0,17572	0,5068
0,17582	1,0495
0,17592	0,50152
0,17602	0,46045
0,17612	2,62218
0,17622	2,38655
0,17632	6,36161
0,17642	0,14253
0,17652	0,86443
0,17662	3,39446
0,17672	0,45394
0,17682	14,09042
0,17692	0,73925
0,17702	0,17195
0,17712	0,66997
0,17722	0,66149
0,17732	4,59492
0,17742	0,58793
0,17752	3,52562
0,17762	4,6216
0,17772	2,57138
0,17782	1,59272
0,17792	1,403
0,17802	1,59994
0,17812	0,88924
0,17822	2,1502
0,17832	0,90161
0,17842	0,49939
0,17852	1,25662
0,17862	3,65962
0,17872	1,41168
0,17882	5,06987
0,17892	1,21302
0,17902	0,16105
0,17912	2,9621
0,17922	2,605
0,17932	0,37776
0,17942	4,59897
0,17952	0,07996
0,17962	0,41466
0,17972	0,26661
0,17982	3,97434
0,17992	1,88446
0,18002	10,22285
0,18012	0,76135
0,18022	1,16956
0,18032	0,6784
0,18042	8,00162
0,18052	1,12693
0,18062	0,38521
0,18072	2,54545
0,18082	5,75866
0,18092	2,0806
0,18102	2,84178
0,18112	2,5352
0,18122	1,23479
0,18132	0,10061
0,18142	0,30569
0,18152	8,36225
0,18162	1,30007
0,18172	1,54365
0,18182	0,04705
0,18192	1,02956
0,18202	2,20132
0,18212	0,85814
0,18222	1,72365
0,18232	2,41567
0,18242	0,11003
0,18252	0,53256
0,18262	1,29971
0,18272	1,57818
0,18282	0,01371
0,18292	13,76522
0,18302	5,73768
0,18312	0,55175
0,18322	0,41895
0,18332	6,62808
0,18342	6,11425
0,18352	0,35572
0,18362	0,52389
0,18372	0,59598
0,18382	0,11496
0,18392	0,70178
0,18402	0,52914
0,18412	0,70467
0,18422	2,89588
0,18432	0,13895
0,18442	1,26176
0,18452	1,06722
0,18462	2,35601
0,18472	0,36781
0,18482	0,17468
0,18492	1,53366
0,18502	0,12383
0,18512	1,10202
0,18522	0,83551
0,18532	0,64547
0,18542	0,56376
0,18552	0,49245
0,18562	7,76086
0,18572	3,29638
0,18582	10,60385
0,18592	1,11223
0,18602	0,17327
0,18612	0,54252
0,18622	1,66413
0,18632	2,47624
0,18642	2,18651
0,18652	8,25384
0,18662	0,32666
0,18672	0,11574
0,18682	4,80406
0,18692	0,25494
0,18702	1,90606
0,18712	1,74361
0,18722	1,41449
0,18732	0,55674
0,18742	1,26572
0,18752	0,41424
0,18762	0,04156
0,18772	0,10718
0,18782	2,09531
0,18792	0,85764
0,18802	0,4721
0,18812	5,28097
0,18822	0,01307
0,18832	0,01899
0,18842	1,91876
0,18852	1,28321
0,18862	7,05334
0,18872	1,01529
0,18882	2,33172
0,18892	1,44613
0,18902	0,51764
0,18912	0,55043
0,18922	3,00713
0,18932	2,49085
0,18942	3,13004
0,18952	0,34344
0,18962	0,5742
0,18972	1,84064
0,18982	2,74756
0,18992	4,4622
0,19002	4,47788
0,19012	1,35691
0,19022	6,88702
0,19032	0,14208
0,19042	2,98008
0,19052	0,59682
0,19062	2,07141
0,19072	0,38895
0,19082	1,42066
0,19092	4,64192
0,19102	2,46523
0,19112	4,02467
0,19122	4,64539
0,19132	0,36993
0,19142	1,75273
0,19152	3,48329
0,19162	0,57923
0,19172	1,62063
0,19182	1,0287
0,19192	1,17999
0,19202	5,26627
0,19212	3,61606
0,19222	0,50303
0,19232	1,40578
0,19242	2,30839
0,19252	0,08674
0,19262	0,60058
0,19272	1,23547
0,19282	1,63442
0,19292	2,47441
0,19302	0,36894
0,19312	0,6455
0,19322	1,91309
0,19332	0,08697
0,19342	2,48277
0,19352	4,87314
0,19362	1,00504
0,19372	1,67132
0,19382	3,18085
0,19392	4,51753
0,19402	0,29986
0,19412	1,74982
0,19422	0,44576
0,19432	1,98655
0,19442	1,13352
0,19452	3,77281
0,19462	2,02081
0,19472	0,2427
0,19482	0,02944
0,19492	1,49298
0,19502	2,93055
0,19512	0,4879
0,19522	0,38153
0,19532	0,70058
0,19542	5,65718
0,19552	0,45983
0,19562	1,84271
0,19572	1,05682
0,19582	0,78
0,19592	14,13838
0,19602	1,05154
0,19612	3,1503
0,19622	0,30044
0,19632	2,2275
0,19642	0,13572
0,19652	4,41435
0,19662	0,47531
0,19672	0,87971
0,19682	2,78796
0,19692	0,10371
0,19702	3,88787
0,19712	0,52857
0,19722	5,56245
0,19732	0,77714
0,19742	1,43073
0,19752	4,13659
0,19762	8,6888
0,19772	0,33096
0,19782	8,3077
0,19792	0,58383
0,19802	3,72803
0,19812	11,39308
0,19822	0,74655
0,19832	1,89793
0,19842	1,20606
0,19852	0,31246
0,19862	3,5403
0,19872	3,35681
0,19882	3,34742
0,19892	0,80333
0,19902	3,59683
0,19912	1,12313
0,19922	0,68814
0,19932	1,53337
0,19942	1,22751
0,19952	2,48262
0,19962	1,37564
0,19972	3,92073
0,19982	2,47211
0,19992	0,74484
0,20002	1,93489
0,20012	1,13622
0,20022	1,14071
0,20032	0,36259
0,20042	0,81752
0,20052	0,3059
0,20062	0,23677
0,20072	2,05228
0,20082	4,34197
0,20092	0,90945
0,20102	5,17628
0,20112	0,63701
0,20122	0,63704
0,20132	2,0654
0,20142	1,98837
0,20152	0,59127
0,20162	1,58369
0,20172	2,00359
0,20182	4,62596
0,20192	0,08483
0,20202	2,72432
0,20212	2,01278
0,20222	0,01073
0,20232	3,03001
0,20242	1,93623
0,20252	1,75599
0,20262	1,77671
0,20272	1,13963
0,20282	2,03171
0,20292	1,0849
0,20302	1,50234
0,20312	3,38971
0,20322	0,2135
0,20332	0,02105
0,20342	0,70262
0,20352	3,00661
0,20362	0,8311
0,20372	3,13138
0,20382	0,90702
0,20392	1,35035
0,20402	1,12196
0,20412	1,40329
0,20422	0,88302
0,20432	0,69177
0,20442	0,04764
0,20452	4,39557
0,20462	1,04442
0,20472	0,1806
0,20482	0,6459
0,20492	0,70128
0,20502	0,14117
0,20512	1,79667
0,20522	0,72855
0,20532	0,57727
0,20542	3,02581
0,20552	0,32543
0,20562	0,36419
0,20572	0,51654
0,20582	0,79641
0,20592	0,25239
0,20602	0,10954
0,20612	1,89761
0,20622	3,67118
0,20632	4,90517
0,20642	2,66777
0,20652	0,94174
0,20662	0,15178
0,20672	0,79868
0,20682	0,5909
0,20692	1,76159
0,20702	2,40258
0,20712	1,99033
0,20722	0,81064
0,20732	0,27876
0,20742	5,90635
0,20752	5,55492
0,20762	0,87412
0,20772	1,38094
0,20782	2,34435
0,20792	0,86055
0,20802	0,67319
0,20812	1,49479
0,20822	1,51667
0,20832	7,59926
0,20842	0,79138
0,20852	0,24016
0,20862	2,25131
0,20872	0,4486
0,20882	2,47426
0,20892	0,40391
0,20902	3,80773
0,20912	0,51138
0,20922	0,86263
0,20932	0,58578
0,20942	4,62147
0,20952	0,83097
0,20962	4,42929
0,20972	0,01845
0,20982	0,14765
0,20992	4,17049
0,21002	0,56184
0,21012	0,70106
0,21022	2,56623
0,21032	3,53343
0,21042	0,79786
0,21052	0,6424
0,21062	3,28728
0,21072	0,96635
0,21082	3,04561
0,21092	0,94064
0,21102	1,34108
0,21112	0,12072
0,21122	2,69046
0,21132	0,68965
0,21142	3,01577
0,21152	0,46111
0,21162	0,65231
0,21172	5,62821
0,21182	1,55755
0,21192	2,08645
0,21202	1,15157
0,21212	4,62777
0,21222	3,34867
0,21232	0,51125
0,21242	0,62255
0,21252	2,11313
0,21262	0,14262
0,21272	1,82165
0,21282	0,24084
0,21292	0,10229
0,21302	2,03484
0,21312	1,60382
0,21322	5,10348
0,21332	5,99265
0,21342	1,9117
0,21352	0,76177
0,21362	3,52559
0,21372	0,48971
0,21382	0,18349
0,21392	1,45039
0,21402	0,99728
0,21412	0,35928
0,21422	1,87033
0,21432	6,91959
0,21442	1,21838
0,21452	2,54877
0,21462	1,20491
0,21472	2,34799
0,21482	0,13753
0,21492	2,83051
0,21502	0,13958
0,21512	7,98495
0,21522	2,56267
0,21532	0,42218
0,21542	0,97714
0,21552	1,33465
0,21562	0,12709
0,21572	1,3984
0,21582	4,42972
0,21592	1,51412
0,21602	4,80476
0,21612	0,94276
0,21622	0,45911
0,21632	2,89264
0,21642	2,36153
0,21652	6,84942
0,21662	5,98538
0,21672	4,23671
0,21682	1,03723
0,21692	3,26262
0,21702	2,35275
0,21712	1,34276
0,21722	0,18119
0,21732	0,15258
0,21742	0,17203
0,21752	1,48209
0,21762	7,31739
0,21772	3,07171
0,21782	0,50418
0,21792	0,01359
0,21802	7,59882
0,21812	0,21051
0,21822	3,42375
0,21832	6,57971
0,21842	4,15017
0,21852	2,90248
0,21862	0,10126
0,21872	1,25543
0,21882	2,97165
0,21892	1,39142
0,21902	0,31314
0,21912	1,44315
0,21922	1,63539
0,21932	2,83615
0,21942	3,96673
0,21952	1,27123
0,21962	2,65229
0,21972	2,16486
0,21982	2,15225
0,21992	1,62381
0,22002	0,64867
0,22012	1,95177
0,22022	0,81028
0,22032	1,17611
0,22042	2,18093
0,22052	5,57296
0,22062	1,43565
0,22072	0,6592
0,22082	9,16946
0,22092	1,55792
0,22102	3,26334
0,22112	2,70582
0,22122	6,62558
0,22132	0,7739
0,22142	0,27656
0,22152	0,88005
0,22162	1,48274
0,22172	0,70584
0,22182	6,02499
0,22192	3,0312
0,22202	0,63788
0,22212	4,95678
0,22222	1,18393
0,22232	3,38982
0,22242	4,28218
0,22252	2,73261
0,22262	3,87607
0,22272	0,661
0,22282	1,06372
0,22292	0,69983
0,22302	9,66385
0,22312	3,07519
0,22322	3,62513
0,22332	4,72421
0,22342	0,82882
0,22352	1,8462
0,22362	0,57159
0,22372	0,36455
0,22382	3,85243
0,22392	0,01875
0,22402	0,34432
0,22412	7,58628
0,22422	1,06485
0,22432	0,35469
0,22442	1,71207
0,22452	1,24458
0,22462	3,9897
0,22472	5,45371
0,22482	11,56267
0,22492	0,85039
0,22502	9,02199
0,22512	1,2188
0,22522	0,52993
0,22532	0,65803
0,22542	0,12437
0,22552	1,90646
0,22562	2,7056
0,22572	1,0808
0,22582	0,97888
0,22592	3,13414
0,22602	1,47921
0,22612	0,08492
0,22622	1,43575
0,22632	0,1108
0,22642	2,00056
0,22652	1,19605
0,22662	0,08373
0,22672	1,70448
0,22682	2,55686
0,22692	0,01208
0,22702	2,26965
0,22712	1,05338
0,22722	1,72844
0,22732	1,54042
0,22742	0,8453
0,22752	0,96404
0,22762	0,19516
0,22772	1,75201
0,22782	0,55013
0,22792	0,46821
0,22802	1,83137
0,22812	0,28759
0,22822	1,26514
0,22832	6,01861
0,22842	0,04475
0,22852	6,72544
0,22862	0,1925
0,22872	2,12221
0,22882	1,64891
0,22892	0,33657
0,22902	1,10827
0,22912	0,09924
0,22922	4,45499
0,22932	1,43324
0,22942	5,46587
0,22952	3,80664
0,22962	1,7409
0,22972	0,77748
0,22982	1,60416
0,22992	1,28178
0,23002	2,13261
0,23012	0,53893
0,23022	3,07828
0,23032	3,83707
0,23042	5,48019
0,23052	2,01977
0,23062	0,60296
0,23072	0,76402
0,23082	3,0816
0,23092	0,56063
0,23102	2,58629
0,23112	0,96075
0,23122	0,63605
0,23132	0,07863
0,23142	0,88816
0,23152	1,15578
0,23162	0,54262
0,23172	2,15559
0,23182	0,49029
0,23192	1,88399
0,23202	1,13193
0,23212	5,2201
0,23222	3,32563
0,23232	0,08716
0,23242	1,85515
0,23252	1,72526
0,23262	2,09834
0,23272	7,77326
0,23282	2,25682
0,23292	4,0775
0,23302	2,85706
0,23312	0,00923
0,23322	0,36768
0,23332	0,41228
0,23342	2,34014
0,23352	0,6504
0,23362	0,11136
0,23372	0,92946
0,23382	0,54037
0,23392	1,52062
0,23402	0,45822
0,23412	1,28218
0,23422	0,03709
0,23432	1,34491
0,23442	0,04504
0,23452	0,1086
0,23462	4,21685
0,23472	2,15701
0,23482	4,56343
0,23492	1,31353
0,23502	1,34524
0,23512	11,39826
0,23522	0,28975
0,23532	0,07678
0,23542	1,40438
0,23552	1,71049
0,23562	0,84024
0,23572	0,17315
0,23582	2,44548
0,23592	0,13915
0,23602	1,92514
0,23612	3,10512
0,23622	0,22931
0,23632	3,19473
0,23642	1,07823
0,23652	3,39384
0,23662	2,31456
0,23672	0,16784
0,23682	0,38661
0,23692	1,15898
0,23702	1,97552
0,23712	0,8485
0,23722	3,49644
0,23732	4,08003
0,23742	0,62438
0,23752	3,03082
0,23762	4,97228
0,23772	4,41074
0,23782	0,89998
0,23792	0,21454
0,23802	0,87436
0,23812	1,60084
0,23822	3,11983
0,23832	2,93959
0,23842	1,52453
0,23852	1,57348
0,23862	2,04165
0,23872	12,66354
0,23882	3,27778
0,23892	1,30786
0,23902	0,39539
0,23912	6,23405
0,23922	1,02372
0,23932	1,11346
0,23942	4,1288
0,23952	2,72008
0,23962	2,33644
0,23972	1,01427
0,23982	0,49227
0,23992	2,17161
0,24002	4,53338
0,24012	6,32963
0,24022	1,44833
0,24032	0,98542
0,24042	2,29903
0,24052	0,66883
0,24062	2,08401
0,24072	0,46699
0,24082	0,20284
0,24092	0,78749
0,24102	0,42542
0,24112	0,15622
0,24122	0,76522
0,24132	0,02238
0,24142	0,75727
0,24152	2,09975
0,24162	0,5033
0,24172	2,68628
0,24182	4,35418
0,24192	1,45971
0,24202	4,1862
0,24212	9,95337
0,24222	0,01338
0,24232	1,23485
0,24242	0,33171
0,24252	0,75462
0,24262	0,56357
0,24272	0,33602
0,24282	6,33996
0,24292	7,38878
0,24302	0,77336
0,24312	3,64421
0,24322	0,42411
0,24332	1,74688
0,24342	3,74399
0,24352	2,00921
0,24362	0,58646
0,24372	0,34777
0,24382	5,71163
0,24392	0,63131
0,24402	6,15294
0,24412	2,56498
0,24422	1,57991
0,24432	0,5149
0,24442	8,28112
0,24452	1,05334
0,24462	1,15411
0,24472	1,44251
0,24482	4,68575
0,24492	0,34699
0,24502	3,51155
0,24512	0,48241
0,24522	0,26243
0,24532	2,782
0,24542	0,11913
0,24552	0,03404
0,24562	0,24686
0,24572	1,3045
0,24582	1,21453
0,24592	1,30516
0,24602	0,06185
0,24612	3,08824
0,24622	0,26266
0,24632	1,34856
0,24642	1,13594
0,24652	1,03633
0,24662	2,6403
0,24672	0,9831
0,24682	0,93618
0,24692	1,68329
0,24702	0,64072
0,24712	1,98546
0,24722	6,16194
0,24732	1,36759
0,24742	1,43907
0,24752	0,96013
0,24762	4,00899
0,24772	5,13983
0,24782	1,33016
0,24792	3,48369
0,24802	1,18372
0,24812	2,1046
0,24822	1,31508
0,24832	2,20595
0,24842	1,33604
0,24852	0,06193
0,24862	4,54888
0,24872	0,26829
0,24882	0,37513
0,24892	2,17478
0,24902	0,8273
0,24912	5,88629
0,24922	4,06806
0,24932	1,8601
0,24942	3,37898
0,24952	0,01773
0,24962	1,42479
0,24972	5,95962
0,24982	1,61689
0,24992	1,6978
0,25003	0,27886
0,25013	4,13362
0,25023	1,35428
0,25033	8,81675
0,25043	0,25173
0,25053	0,13345
0,25063	1,16536
0,25073	0,94327
0,25083	1,28902
0,25093	2,75417
0,25103	0,06767
0,25113	0,2407
0,25123	1,45289
0,25133	0,26852
0,25143	2,1577
0,25153	2,25569
0,25163	0,47281
0,25173	5,47994
0,25183	0,02583
0,25193	0,33676
0,25203	5,19693
0,25213	0,37989
0,25223	0,60778
0,25233	4,04128
0,25243	0,17789
0,25253	2,76106
0,25263	15,16779
0,25273	3,72442
0,25283	1,15929
0,25293	3,53358
0,25303	8,07384
0,25313	0,47048
0,25323	3,23702
0,25333	2,17183
0,25343	0,20051
0,25353	6,39872
0,25363	1,22503
0,25373	0,30523
0,25383	3,65331
0,25393	1,50949
0,25403	0,34834
0,25413	1,38906
0,25423	0,89324
0,25433	1,15702
0,25443	1,93113
0,25453	9,21602
0,25463	0,25455
0,25473	0,10132
0,25483	1,11746
0,25493	14,66074
0,25503	3,13648
0,25513	0,70616
0,25523	0,09261
0,25533	0,70606
0,25543	3,96609
0,25553	1,55495
0,25563	2,58021
0,25573	3,68813
0,25583	1,29555
0,25593	3,81544
0,25603	0,17545
0,25613	2,33356
0,25623	0,62482
0,25633	2,18907
0,25643	0,77405
0,25653	2,11458
0,25663	0,50531
0,25673	3,00827
0,25683	1,12306
0,25693	0,15757
0,25703	2,7755
0,25713	0,51282
0,25723	0,94164
0,25733	4,37977
0,25743	1,92687
0,25753	0,558
0,25763	4,73451
0,25773	2,46097
0,25783	3,65707
0,25793	0,45865
0,25803	1,49563
0,25813	2,82881
0,25823	0,85036
0,25833	1,82182
0,25843	2,89536
0,25853	0,1974
0,25863	1,51965
0,25873	1,58725
0,25883	3,95628
0,25893	1,44532
0,25903	1,50384
0,25913	1,20577
0,25923	4,16308
0,25933	3,40866
0,25943	0,88748
0,25953	5,71433
0,25963	1,12462
0,25973	0,00898
0,25983	1,68457
0,25993	0,99258
0,26003	2,2854
0,26013	0,88861
0,26023	2,3856
0,26033	3,32589
0,26043	2,97668
0,26053	2,89331
0,26063	0,85064
0,26073	1,05675
0,26083	1,13008
0,26093	1,52111
0,26103	1,11596
0,26113	4,19138
0,26123	1,38326
0,26133	3,85702
0,26143	3,32175
0,26153	0,40428
0,26163	0,72234
0,26173	0,04609
0,26183	2,29536
0,26193	1,35595
0,26203	0,94396
0,26213	0,53406
0,26223	0,95161
0,26233	1,68846
0,26243	3,20499
0,26253	0,87222
0,26263	2,12418
0,26273	3,97292
0,26283	0,83972
0,26293	1,04308
0,26303	1,02604
0,26313	4,08219
0,26323	0,68539
0,26333	0,19833
0,26343	1,33282
0,26353	0,46211
0,26363	0,13546
0,26373	0,19973
0,26383	0,60941
0,26393	0,42169
0,26403	7,20266
0,26413	1,2479
0,26423	7,07055
0,26433	2,32035
0,26443	5,46962
0,26453	1,42874
0,26463	0,76968
0,26473	2,3295
0,26483	1,67708
0,26493	0,53272
0,26503	0,88146
0,26513	0,56324
0,26523	0,04566
0,26533	2,00497
0,26543	4,83198
0,26553	3,93038
0,26563	0,27446
0,26573	1,14879
0,26583	4,72589
0,26593	1,31849
0,26603	0,21587
0,26613	0,73194
0,26623	1,75425
0,26633	2,0277
0,26643	0,9816
0,26653	1,62525
0,26663	0,26792
0,26673	1,89898
0,26683	3,14558
0,26693	0,34737
0,26703	0,87034
0,26713	11,75954
0,26723	1,60861
0,26733	2,67203
0,26743	2,53848
0,26753	1,88856
0,26763	1,40039
0,26773	1,8065
0,26783	0,06008
0,26793	0,55157
0,26803	2,80341
0,26813	1,27443
0,26823	0,4788
0,26833	0,58515
0,26843	1,11461
0,26853	2,37805
0,26863	1,1269
0,26873	4,33114
0,26883	3,89351
0,26893	0,97197
0,26903	0,21669
0,26913	1,15547
0,26923	2,83214
0,26933	1,20997
0,26943	1,04187
0,26953	2,52229
0,26963	0,0829
0,26973	4,98861
0,26983	0,7216
0,26993	1,18823
0,27003	0,17725
0,27013	2,74247
0,27023	0,48565
0,27033	4,72453
0,27043	2,16538
0,27053	0,36567
0,27063	0,0512
0,27073	0,18122
0,27083	1,14357
0,27093	2,91742
0,27103	8,89369
0,27113	3,82149
0,27123	1,95198
0,27133	3,37729
0,27143	4,9567
0,27153	1,62785
0,27163	0,6756
0,27173	0,45027
0,27183	1,86391
0,27193	1,5937
0,27203	0,48945
0,27213	4,35339
0,27223	2,84137
0,27233	5,15589
0,27243	2,74496
0,27253	0,193
0,27263	0,1882
0,27273	0,93783
0,27283	3,86462
0,27293	0,65848
0,27303	2,31119
0,27313	0,51548
0,27323	2,60224
0,27333	0,82066
0,27343	0,75351
0,27353	0,73418
0,27363	4,30199
0,27373	7,40326
0,27383	0,44512
0,27393	5,11663
0,27403	0,33104
0,27413	0,52828
0,27423	6,79079
0,27433	1,27868
0,27443	0,92803
0,27453	2,39581
0,27463	1,74795
0,27473	3,25988
0,27483	0,76645
0,27493	1,25029
0,27503	3,38556
0,27513	0,28965
0,27523	3,07232
0,27533	1,02659
0,27543	5,29889
0,27553	0,01534
0,27563	0,75618
0,27573	0,32389
0,27583	2,50132
0,27593	3,49645
0,27603	0,51585
0,27613	1,31745
0,27623	0,83005
0,27633	0,12949
0,27643	5,8477
0,27653	1,81582
0,27663	1,94682
0,27673	3,00771
0,27683	0,00996
0,27693	0,43021
0,27703	1,60299
0,27713	0,49428
0,27723	3,82052
0,27733	5,01006
0,27743	1,68286
0,27753	4,6543
0,27763	0,96629
0,27773	1,14789
0,27783	0,14994
0,27793	4,25831
0,27803	1,52463
0,27813	1,34098
0,27823	0,64217
0,27833	0,65587
0,27843	0,94288
0,27853	2,31582
0,27863	3,26426
0,27873	2,72032
0,27883	0,66356
0,27893	4,03782
0,27903	4,8438
0,27913	1,53763
0,27923	2,38106
0,27933	0,5613
0,27943	1,61319
0,27953	1,82452
0,27963	0,4721
0,27973	0,10987
0,27983	0,13125
0,27993	1,49845
0,28003	0,23116
0,28013	3,22177
0,28023	2,49572
0,28033	3,25498
0,28043	0,33234
0,28053	2,43893
0,28063	1,59748
0,28073	0,40226
0,28083	2,32556
0,28093	2,14761
0,28103	2,69048
0,28113	4,04402
0,28123	0,47632
0,28133	3,57956
0,28143	2,68667
0,28153	1,4158
0,28163	0,31193
0,28173	0,01328
0,28183	0,35751
0,28193	0,1237
0,28203	1,45884
0,28213	0,92459
0,28223	1,49106
0,28233	0,75046
0,28243	0,91556
0,28253	0,20621
0,28263	0,13942
0,28273	1,69253
0,28283	0,25284
0,28293	0,09623
0,28303	0,18552
0,28313	0,80553
0,28323	3,6058
0,28333	1,25062
0,28343	1,45433
0,28353	0,19296
0,28363	2,57626
0,28373	4,94775
0,28383	3,17477
0,28393	3,14137
0,28403	6,60674
0,28413	2,97874
0,28423	1,12673
0,28433	0,10098
0,28443	0,3347
0,28453	0,27448
0,28463	1,4296
0,28473	2,8349
0,28483	1,50222
0,28493	0,26356
0,28503	1,083
0,28513	0,17453
0,28523	0,63825
0,28533	0,59368
0,28543	1,21271
0,28553	6,30432
0,28563	0,18075
0,28573	2,8373
0,28583	0,01504
0,28593	1,44045
0,28603	0,23719
0,28613	0,24454
0,28623	7,04823
0,28633	0,70424
0,28643	0,06213
0,28653	0,78616
0,28663	0,13143
0,28673	6,56105
0,28683	2,66704
0,28693	3,87177
0,28703	0,80679
0,28713	0,03051
0,28723	2,26936
0,28733	1,1989
0,28743	1,43722
0,28753	1,74989
0,28763	11,20315
0,28773	0,33789
0,28783	0,76046
0,28793	0,21613
0,28803	1,13611
0,28813	0,37583
0,28823	1,29472
0,28833	0,45674
0,28843	1,38441
0,28853	0,34565
0,28863	1,21996
0,28873	0,9624
0,28883	0,40763
0,28893	0,9315
0,28903	0,1009
0,28913	2,73142
0,28923	1,42447
0,28933	3,57128
0,28943	2,90558
0,28953	6,96779
0,28963	4,55821
0,28973	0,11623
0,28983	2,21781
0,28993	0,0155
0,29003	0,67315
0,29013	0,64552
0,29023	1,11284
0,29033	2,2752
0,29043	6,03681
0,29053	0,50526
0,29063	1,59684
0,29073	1,07984
0,29083	2,93658
0,29093	0,36828
0,29103	4,70749
0,29113	1,11523
0,29123	1,55516
0,29133	0,26943
0,29143	2,66166
0,29153	1,12519
0,29163	0,31552
0,29173	0,32879
0,29183	0,62845
0,29193	3,81582
0,29203	0,51635
0,29213	1,81361
0,29223	1,3915
0,29233	0,79508
0,29243	1,38293
0,29253	3,79853
0,29263	0,0304
0,29273	0,41331
0,29283	0,06739
0,29293	0,22103
0,29303	1,11659
0,29313	2,51761
0,29323	0,55979
0,29333	0,82869
0,29343	0,0019
0,29353	1,83561
0,29363	2,87459
0,29373	3,33798
0,29383	3,67552
0,29393	3,95313
0,29403	2,2296
0,29413	0,38563
0,29423	0,92143
0,29433	4,50896
0,29443	1,83606
0,29453	0,16945
0,29463	0,3194
0,29473	1,37102
0,29483	0,69978
0,29493	3,03249
0,29503	0,7988
0,29513	0,81867
0,29523	0,08868
0,29533	0,70606
0,29543	0,98253
0,29553	3,03412
0,29563	1,96764
0,29573	2,26001
0,29583	1,87857
0,29593	11,35187
0,29603	0,00804
0,29613	6,25179
0,29623	1,86918
0,29633	0,48875
0,29643	2,97788
0,29653	0,863
0,29663	0,52
0,29673	0,81389
0,29683	3,07452
0,29693	0,04702
0,29703	0,82784
0,29713	1,19378
0,29723	0,7696
0,29733	7,76274
0,29743	0,48781
0,29753	1,84322
0,29763	1,55982
0,29773	1,239
0,29783	4,92663
0,29793	3,17387
0,29803	0,15312
0,29813	0,16454
0,29823	0,08227
0,29833	3,11744
0,29843	1,5102
0,29853	4,93525
0,29863	7,0916
0,29873	0,47755
0,29883	2,13465
0,29893	1,06013
0,29903	5,41314
0,29913	0,69976
0,29923	4,15278
0,29933	1,96901
0,29943	0,14401
0,29953	0,8699
0,29963	3,34288
0,29973	1,80743
0,29983	0,17389
0,29993	4,32294
0,30003	3,72794
0,30013	3,17319
0,30023	0,96179
0,30033	2,8781
0,30043	0,67517
0,30053	3,92178
0,30063	0,30017
0,30073	0,43729
0,30083	0,43674
0,30093	1,55009
0,30103	2,0497
0,30113	1,28064
0,30123	0,27874
0,30133	3,5642
0,30143	1,30795
0,30153	1,80486
0,30163	3,47914
0,30173	3,63576
0,30183	5,88198
0,30193	3,03227
0,30203	2,54954
0,30213	0,20664
0,30223	1,56571
0,30233	4,68957
0,30243	1,64365
0,30253	0,79592
0,30263	1,26799
0,30273	1,62836
0,30283	2,39317
0,30293	1,3268
0,30303	1,46648
0,30313	7,08403
0,30323	0,53774
0,30333	0,19133
0,30343	4,43444
0,30353	0,4962
0,30363	0,76397
0,30373	2,44771
0,30383	0,09758
0,30393	3,07296
0,30403	3,35549
0,30413	5,02014
0,30423	0,84294
0,30433	2,09635
0,30443	2,81511
0,30453	0,52336
0,30463	4,44597
0,30473	1,00863
0,30483	2,36578
0,30493	0,11168
0,30503	0,76415
0,30513	0,55509
0,30523	1,0302
0,30533	0,91763
0,30543	0,41396
0,30553	0,83376
0,30563	0,3219
0,30573	1,3813
0,30583	3,10293
0,30593	0,92027
0,30603	2,03548
0,30613	2,84197
0,30623	2,91812
0,30633	7,66483
0,30643	1,79504
0,30653	6,00158
0,30663	0,219
0,30673	1,42776
0,30683	3,78378
0,30693	1,13533
0,30703	4,89269
0,30713	7,59765
0,30723	1,19414
0,30733	0,15118
0,30743	0,89176
0,30753	0,07725
0,30763	0,67367
0,30773	4,08381
0,30783	4,17376
0,30793	1,83777
0,30803	0,6257
0,30813	2,52237
0,30823	1,07324
0,30833	0,74676
0,30843	2,17282
0,30853	0,15296
0,30863	1,07487
0,30873	2,34
0,30883	0,2606
0,30893	1,61093
0,30903	3,17588
0,30913	1,76777
0,30923	0,67786
0,30933	0,6023
0,30943	0,05144
0,30953	3,29816
0,30963	2,23892
0,30973	0,10161
0,30983	6,87508
0,30993	1,66529
0,31003	5,01122
0,31013	0,7446
0,31023	1,28004
0,31033	1,34529
0,31043	1,59168
0,31053	2,19382
0,31063	2,33763
0,31073	1,08977
0,31083	0,02394
0,31093	3,90196
0,31103	1,23667
0,31113	0,53104
0,31123	0,65166
0,31133	0,85113
0,31143	3,24441
0,31153	0,74826
0,31163	1,41217
0,31173	3,56941
0,31183	2,50347
0,31193	5,2492
0,31203	0,61783
0,31213	0,86292
0,31223	0,01232
0,31233	4,75983
0,31243	1,97245
0,31253	0,3347
0,31263	1,14458
0,31273	3,52802
0,31283	4,58605
0,31293	2,83451
0,31303	0,35425
0,31313	0,16243
0,31323	4,68036
0,31333	1,4817
0,31343	3,82558
0,31353	0,05677
0,31363	1,60406
0,31373	0,68792
0,31383	6,65866
0,31393	3,29056
0,31403	1,13078
0,31413	0,76371
0,31423	0,40195
0,31433	1,18095
0,31443	0,96172
0,31453	2,35707
0,31463	1,42236
0,31473	0,79333
0,31483	0,20215
0,31493	3,12052
0,31503	0,55827
0,31513	1,75724
0,31523	1,39784
0,31533	0,32643
0,31543	9,45101
0,31553	1,63913
0,31563	1,51829
0,31573	0,20967
0,31583	6,19704
0,31593	0,06813
0,31603	2,36635
0,31613	1,28895
0,31623	0,45009
0,31633	3,06907
0,31643	1,75274
0,31653	0,47013
0,31663	2,71887
0,31673	0,09063
0,31683	9,11788
0,31693	3,45152
0,31703	0,03175
0,31713	0,48994
0,31723	0,35549
0,31733	0,87138
0,31743	1,43962
0,31753	2,07151
0,31763	0,56835
0,31773	0,34976
0,31783	0,05683
0,31793	3,19405
0,31803	1,08081
0,31813	1,10675
0,31823	0,65184
0,31833	0,02909
0,31843	3,06711
0,31853	0,26373
0,31863	0,31323
0,31873	6,6082
0,31883	1,87786
0,31893	0,14671
0,31903	1,12743
0,31913	0,69592
0,31923	0,09049
0,31933	2,07949
0,31943	4,07874
0,31953	6,26923
0,31963	0,91846
0,31973	3,13507
0,31983	0,0224
0,31993	3,10034
0,32003	0,78131
0,32013	1,28527
0,32023	1,10428
0,32033	0,91308
0,32043	2,36433
0,32053	2,98621
0,32063	6,21566
0,32073	0,4419
0,32083	3,78562
0,32093	1,57166
0,32103	1,81051
0,32113	0,62651
0,32123	3,06947
0,32133	2,49588
0,32143	0,71371
0,32153	0,82943
0,32163	0,64797
0,32173	4,97073
0,32183	1,41907
0,32193	2,56798
0,32203	2,16443
0,32213	3,52391
0,32223	0,11454
0,32233	0,90037
0,32243	2,31586
0,32253	1,10961
0,32263	2,07909
0,32273	3,73231
0,32283	0,67203
0,32293	0,44645
0,32303	1,94424
0,32313	1,33415
0,32323	4,98337
0,32333	0,4908
0,32343	6,56611
0,32353	2,30592
0,32363	1,61383
0,32373	0,50012
0,32383	0,59554
0,32393	0,53616
0,32403	5,15526
0,32413	0,18472
0,32423	0,117
0,32433	4,67515
0,32443	0,4348
0,32453	5,02602
0,32463	7,18814
0,32473	1,15102
0,32483	5,46059
0,32493	3,3353
0,32503	0,21838
0,32513	1,1325
0,32523	1,46444
0,32533	0,60847
0,32543	3,73007
0,32553	2,72371
0,32563	10,61404
0,32573	3,93939
0,32583	2,59633
0,32593	4,85582
0,32603	1,06378
0,32613	2,45451
0,32623	1,49508
0,32633	1,37271
0,32643	2,07001
0,32653	0,03188
0,32663	0,13981
0,32673	2,76492
0,32683	2,46568
0,32693	0,2641
0,32703	0,11501
0,32713	0,64845
0,32723	0,2164
0,32733	1,27106
0,32743	2,59089
0,32753	1,19317
0,32763	0,0888
0,32773	1,83101
0,32783	0,15091
0,32793	0,55561
0,32803	2,51011
0,32813	1,20415
0,32823	1,98247
0,32833	1,525
0,32843	0,7391
0,32853	0,61835
0,32863	2,06796
0,32873	0,86651
0,32883	3,60046
0,32893	0,44834
0,32903	2,88777
0,32913	2,22021
0,32923	0,96892
0,32933	1,28898
0,32943	5,01694
0,32953	0,99351
0,32963	1,90279
0,32973	2,45748
0,32983	0,90894
0,32993	1,45397
0,33003	3,16649
0,33013	4,48948
0,33023	0,31678
0,33033	3,25014
0,33043	2,36215
0,33053	3,97395
0,33063	1,29377
0,33073	4,43581
0,33083	1,8105
0,33093	1,53596
0,33103	3,22773
0,33113	0,16878
0,33123	2,27919
0,33133	2,10771
0,33143	0,34176
0,33153	4,59167
0,33163	0,97246
0,33173	0,3017
0,33183	0,02091
0,33193	1,45562
0,33203	4,05469
0,33213	0,85747
0,33223	1,15089
0,33233	2,11412
0,33243	1,44935
0,33253	1,25794
0,33263	5,63153
0,33273	2,42294
0,33283	0,2704
0,33293	1,12169
0,33303	1,54245
0,33313	2,72123
0,33323	1,00596
0,33333	1,14794
0,33343	0,93032
0,33353	1,34785
0,33363	0,98209
0,33373	3,65317
0,33383	0,48484
0,33393	0,98984
0,33403	0,76339
0,33413	0,23428
0,33423	8,53671
0,33433	3,20629
0,33443	0,18897
0,33453	0,25295
0,33463	0,529
0,33473	0,93053
0,33483	0,26675
0,33493	0,41741
0,33503	2,71403
0,33513	0,10498
0,33523	2,12607
0,33533	1,14254
0,33543	0,81749
0,33553	0,87852
0,33563	0,21309
0,33573	3,14047
0,33583	0,05887
0,33593	0,61988
0,33603	1,29914
0,33613	0,72869
0,33623	1,69647
0,33633	1,06302
0,33643	5,63439
0,33653	6,58407
0,33663	6,58819
0,33673	0,70929
0,33683	1,40978
0,33693	0,46684
0,33703	2,57579
0,33713	0,15238
0,33723	0,27879
0,33733	0,93396
0,33743	0,84536
0,33753	0,21566
0,33763	0,95789
0,33773	1,89872
0,33783	4,09111
0,33793	3,59582
0,33803	0,21883
0,33813	0,26054
0,33823	0,01659
0,33833	0,76759
0,33843	1,72489
0,33853	0,38821
0,33863	3,61804
0,33873	6,41358
0,33883	5,31989
0,33893	4,41804
0,33903	3,21579
0,33913	3,01713
0,33923	0,50962
0,33933	2,19195
0,33943	0,12411
0,33953	4,46171
0,33963	0,23581
0,33973	0,44733
0,33983	3,3297
0,33993	0,74018
0,34003	2,58228
0,34013	4,86032
0,34023	1,14252
0,34033	6,7422
0,34043	0,73516
0,34053	2,88659
0,34063	3,45519
0,34073	3,0334
0,34083	2,95019
0,34093	1,89731
0,34103	1,4674
0,34113	4,987
0,34123	3,29504
0,34133	1,32053
0,34143	1,40665
0,34153	1,09424
0,34163	1,31805
0,34173	0,95321
0,34183	0,78801
0,34193	4,38543
0,34203	0,5354
0,34213	0,03514
0,34223	0,14893
0,34233	0,61283
0,34243	0,84607
0,34253	0,28059
0,34263	1,49712
0,34273	1,02071
0,34283	1,24785
0,34293	2,79371
0,34303	2,59373
0,34313	0,86718
0,34323	0,33421
0,34333	6,60249
0,34343	2,08994
0,34353	3,16296
0,34363	1,22088
0,34373	0,44285
0,34383	0,44709
0,34393	1,73896
0,34403	1,45894
0,34413	0,3938
0,34423	0,48021
0,34433	0,92746
0,34443	0,51622
0,34453	7,32987
0,34463	3,52796
0,34473	1,16398
0,34483	0,05405
0,34493	2,87493
0,34503	0,91684
0,34513	0,15217
0,34523	2,2379
0,34533	2,81983
0,34543	0,35445
0,34553	0,12986
0,34563	1,22215
0,34573	1,21068
0,34583	0,96527
0,34593	7,64521
0,34603	10,89288
0,34613	2,05343
0,34623	4,15677
0,34633	3,03449
0,34643	1,24882
0,34653	1,0258
0,34663	1,20526
0,34673	0,48006
0,34683	0,6982
0,34693	0,47992
0,34703	1,37762
0,34713	0,60283
0,34723	1,88592
0,34733	5,98951
0,34743	2,78439
0,34753	0,20931
0,34763	1,49574
0,34773	4,46438
0,34783	0,90043
0,34793	3,45185
0,34803	1,69857
0,34813	0,11603
0,34823	1,69049
0,34833	1,23611
0,34843	2,69646
0,34853	1,48297
0,34863	0,23057
0,34873	4,15388
0,34883	1,46434
0,34893	1,42506
0,34903	0,05069
0,34913	1,19682
0,34923	0,67164
0,34933	1,00991
0,34943	2,44195
0,34953	4,39883
0,34963	4,41419
0,34973	1,49936
0,34983	1,01501
0,34994	1,49544
0,35004	1,76377
0,35014	1,58445
0,35024	0,18398
0,35034	1,98376
0,35044	1,75198
0,35054	3,40266
0,35064	4,1439
0,35074	0,82549
0,35084	1,22586
0,35094	1,34281
0,35104	0,01453
0,35114	3,49635
0,35124	4,5879
0,35134	0,69275
0,35144	5,24081
0,35154	0,94455
0,35164	1,69243
0,35174	5,22482
0,35184	3,13486
0,35194	2,80956
0,35204	1,41731
0,35214	1,50386
0,35224	2,29038
0,35234	4,11162
0,35244	1,96469
0,35254	0,64844
0,35264	2,27921
0,35274	0,95022
0,35284	1,6383
0,35294	1,47296
0,35304	5,72289
0,35314	2,51273
0,35324	0,09833
0,35334	3,38765
0,35344	0,34345
0,35354	0,58559
0,35364	1,69486
0,35374	0,01337
0,35384	1,39238
0,35394	0,023
0,35404	1,05574
0,35414	0,17639
0,35424	1,76842
0,35434	0,23391
0,35444	0,32572
0,35454	0,03926
0,35464	15,08437
0,35474	1,40904
0,35484	1,01837
0,35494	3,21335
0,35504	0,06998
0,35514	1,29822
0,35524	2,62624
0,35534	0,00422
0,35544	11,92419
0,35554	3,26297
0,35564	1,25157
0,35574	0,17776
0,35584	0,91969
0,35594	0,10032
0,35604	2,48917
0,35614	0,72854
0,35624	0,81352
0,35634	2,72187
0,35644	1,3357
0,35654	0,08712
0,35664	0,89076
0,35674	1,68727
0,35684	2,69157
0,35694	3,17865
0,35704	4,96614
0,35714	0,62485
0,35724	0,53396
0,35734	13,36561
0,35744	4,21158
0,35754	2,70172
0,35764	0,53371
0,35774	2,29012
0,35784	2,40351
0,35794	0,67578
0,35804	0,67893
0,35814	2,43999
0,35824	2,69668
0,35834	1,44552
0,35844	1,79207
0,35854	0,55954
0,35864	4,43968
0,35874	8,57954
0,35884	3,6143
0,35894	0,27571
0,35904	1,12301
0,35914	2,34763
0,35924	3,36768
0,35934	4,22447
0,35944	2,08955
0,35954	1,51571
0,35964	1,59628
0,35974	2,75552
0,35984	1,79861
0,35994	2,16736
0,36004	1,91385
0,36014	0,24325
0,36024	0,1989
0,36034	3,08738
0,36044	0,28905
0,36054	0,23785
0,36064	6,29256
0,36074	0,59075
0,36084	4,83135
0,36094	0,42956
0,36104	0,13054
0,36114	5,61404
0,36124	1,3081
0,36134	2,57466
0,36144	0,64154
0,36154	2,84937
0,36164	1,78323
0,36174	14,16912
0,36184	0,10604
0,36194	1,60594
0,36204	1,62325
0,36214	2,53839
0,36224	0,45249
0,36234	1,97485
0,36244	0,72599
0,36254	0,45123
0,36264	0,28478
0,36274	0,34408
0,36284	0,27293
0,36294	0,09471
0,36304	0,96446
0,36314	1,92947
0,36324	3,15107
0,36334	1,59224
0,36344	0,63417
0,36354	0,45985
0,36364	2,14532
0,36374	1,91281
0,36384	0,04675
0,36394	0,40495
0,36404	0,47836
0,36414	1,53468
0,36424	2,58297
0,36434	1,29599
0,36444	1,33375
0,36454	3,1833
0,36464	2,42778
0,36474	2,98951
0,36484	5,14644
0,36494	0,91803
0,36504	3,64534
0,36514	0,63638
0,36524	2,95707
0,36534	1,51667
0,36544	0,23699
0,36554	0,2195
0,36564	0,88555
0,36574	2,11267
0,36584	0,5912
0,36594	2,47863
0,36604	0,02029
0,36614	0,33007
0,36624	0,48169
0,36634	4,92898
0,36644	0,16136
0,36654	0,12818
0,36664	4,52029
0,36674	1,15557
0,36684	0,16143
0,36694	1,10338
0,36704	0,21746
0,36714	0,38261
0,36724	2,04429
0,36734	1,29689
0,36744	0,83134
0,36754	0,37977
0,36764	1,71056
0,36774	0,41917
0,36784	1,7005
0,36794	0,37081
0,36804	3,43384
0,36814	2,3708
0,36824	2,47653
0,36834	0,12272
0,36844	1,02588
0,36854	0,15297
0,36864	2,96525
0,36874	1,69516
0,36884	0,56723
0,36894	0,94453
0,36904	1,52629
0,36914	0,84302
0,36924	6,02756
0,36934	3,57735
0,36944	0,33882
0,36954	3,23099
0,36964	1,7908
0,36974	0,03325
0,36984	1,00549
0,36994	1,26325
0,37004	0,04467
0,37014	0,39129
0,37024	3,8772
0,37034	0,80239
0,37044	2,71744
0,37054	0,61961
0,37064	0,53077
0,37074	1,15317
0,37084	1,06065
0,37094	1,07418
0,37104	2,01161
0,37114	1,95592
0,37124	2,23073
0,37134	0,1251
0,37144	6,43318
0,37154	0,60662
0,37164	0,64921
0,37174	1,94654
0,37184	1,57746
0,37194	2,99042
0,37204	0,60674
0,37214	0,75563
0,37224	0,76433
0,37234	4,42508
0,37244	0,79315
0,37254	0,43378
0,37264	2,34966
0,37274	0,42101
0,37284	0,69678
0,37294	1,00957
0,37304	3,69624
0,37314	8,35715
0,37324	1,45068
0,37334	1,67054
0,37344	0,10086
0,37354	0,48305
0,37364	1,22963
0,37374	0,70121
0,37384	2,21903
0,37394	0,58779
0,37404	0,62537
0,37414	1,43187
0,37424	0,23177
0,37434	0,65088
0,37444	9,60071
0,37454	1,05425
0,37464	1,62393
0,37474	0,71691
0,37484	0,33504
0,37494	2,20387
0,37504	1,5048
0,37514	6,3221
0,37524	1,17351
0,37534	0,67744
0,37544	1,21299
0,37554	2,27456
0,37564	0,40195
0,37574	2,30673
0,37584	2,77875
0,37594	0,46944
0,37604	1,03188
0,37614	0,03989
0,37624	1,89217
0,37634	2,00515
0,37644	0,14543
0,37654	0,37347
0,37664	1,24488
0,37674	0,02123
0,37684	0,66627
0,37694	0,17668
0,37704	0,46231
0,37714	1,1455
0,37724	0,5931
0,37734	5,77706
0,37744	5,14587
0,37754	0,0815
0,37764	2,4401
0,37774	1,82352
0,37784	2,27133
0,37794	1,77499
0,37804	0,62004
0,37814	3,00508
0,37824	0,27893
0,37834	3,08413
0,37844	2,50538
0,37854	2,43516
0,37864	1,60535
0,37874	0,07385
0,37884	0,01669
0,37894	0,15499
0,37904	6,39446
0,37914	0,59316
0,37924	0,30299
0,37934	7,2209
0,37944	1,72891
0,37954	6,80463
0,37964	1,11482
0,37974	0,12997
0,37984	1,30291
0,37994	2,24505
0,38004	0,56042
0,38014	0,84578
0,38024	3,43409
0,38034	4,20403
0,38044	3,79919
0,38054	0,88963
0,38064	5,68827
0,38074	1,57196
0,38084	2,06566
0,38094	2,12373
0,38104	1,02685
0,38114	0,75236
0,38124	2,57847
0,38134	1,35347
0,38144	1,91179
0,38154	3,81958
0,38164	0,62402
0,38174	0,0187
0,38184	1,72405
0,38194	0,46774
0,38204	1,24922
0,38214	1,09694
0,38224	0,86088
0,38234	0,56214
0,38244	1,80327
0,38254	0,73849
0,38264	2,50164
0,38274	3,83617
0,38284	5,25458
0,38294	1,0784
0,38304	5,18132
0,38314	2,85332
0,38324	3,80241
0,38334	3,41622
0,38344	5,46593
0,38354	0,24693
0,38364	3,5145
0,38374	1,90472
0,38384	0,93929
0,38394	7,42792
0,38404	0,08896
0,38414	0,2097
0,38424	0,15999
0,38434	1,03212
0,38444	3,37684
0,38454	0,43232
0,38464	0,85034
0,38474	0,94914
0,38484	2,30232
0,38494	0,14017
0,38504	0,72819
0,38514	2,62227
0,38524	0,35691
0,38534	7,72063
0,38544	3,33018
0,38554	3,0507
0,38564	0,758
0,38574	3,82642
0,38584	1,50442
0,38594	1,64635
0,38604	0,88123
0,38614	5,59185
0,38624	3,25341
0,38634	0,88485
0,38644	2,02819
0,38654	3,83643
0,38664	1,20701
0,38674	3,37361
0,38684	6,18741
0,38694	1,35005
0,38704	1,90827
0,38714	1,62163
0,38724	1,65734
0,38734	3,27624
0,38744	2,43663
0,38754	4,36904
0,38764	4,88487
0,38774	1,14255
0,38784	0,06605
0,38794	0,42316
0,38804	2,29994
0,38814	0,33051
0,38824	2,44673
0,38834	2,01276
0,38844	2,59767
0,38854	0,75353
0,38864	1,73934
0,38874	3,06867
0,38884	0,06241
0,38894	0,28636
0,38904	1,06415
0,38914	1,28092
0,38924	2,60731
0,38934	0,19289
0,38944	5,24867
0,38954	4,95482
0,38964	1,20943
0,38974	0,78213
0,38984	0,79685
0,38994	5,14324
0,39004	1,72793
0,39014	2,62229
0,39024	1,54596
0,39034	3,3928
0,39044	0,84559
0,39054	7,01973
0,39064	3,2089
0,39074	0,27767
0,39084	3,11468
0,39094	5,16387
0,39104	0,57683
0,39114	7,39351
0,39124	2,06356
0,39134	1,24924
0,39144	3,5953
0,39154	2,45012
0,39164	0,23342
0,39174	5,52537
0,39184	1,69784
0,39194	1,62166
0,39204	4,88152
0,39214	2,66548
0,39224	7,28054
0,39234	1,68189
0,39244	1,05577E-4
0,39254	1,2688
0,39264	2,35662
0,39274	3,87861
0,39284	2,23516
0,39294	0,04598
0,39304	0,2125
0,39314	3,43872
0,39324	8,17237
0,39334	0,27232
0,39344	6,0305
0,39354	3,50468
0,39364	3,30658
0,39374	4,41567
0,39384	1,1188
0,39394	0,49502
0,39404	3,41501
0,39414	4,69539
0,39424	1,74749
0,39434	2,56856
0,39444	0,04358
0,39454	2,21122
0,39464	1,39633
0,39474	0,5841
0,39484	1,17162
0,39494	0,35528
0,39504	0,87955
0,39514	1,02912
0,39524	3,34452
0,39534	1,53949
0,39544	0,80064
0,39554	1,88605
0,39564	5,20309
0,39574	4,95218
0,39584	0,59095
0,39594	0,29722
0,39604	0,78351
0,39614	0,6816
0,39624	1,89184
0,39634	1,77549
0,39644	8,68118
0,39654	0,53825
0,39664	0,62099
0,39674	4,26261
0,39684	0,15994
0,39694	7,58166
0,39704	0,9675
0,39714	0,93216
0,39724	1,45003
0,39734	3,7263
0,39744	1,01372
0,39754	4,03317
0,39764	1,68589
0,39774	0,15651
0,39784	4,24133
0,39794	6,7344
0,39804	0,21205
0,39814	0,54434
0,39824	3,79132
0,39834	0,56528
0,39844	3,31043
0,39854	15,10816
0,39864	7,49322
0,39874	0,96892
0,39884	4,75861
0,39894	2,84863
0,39904	2,00594
0,39914	2,16721
0,39924	6,82111
0,39934	6,53718
0,39944	12,52887
0,39954	5,73896
0,39964	0,01861
0,39974	1,88414
0,39984	2,6887
0,39994	4,07832
0,40004	0,11963
0,40014	0,12401
0,40024	0,16081
0,40034	2,77727
0,40044	0,3235
0,40054	0,16754
0,40064	4,77217
0,40074	2,64633
0,40084	2,56317
0,40094	0,42148
0,40104	1,04515
0,40114	0,0655
0,40124	3,29831
0,40134	2,39265
0,40144	3,04345
0,40154	0,54833
0,40164	0,90051
0,40174	1,43036
0,40184	4,39375
0,40194	0,88787
0,40204	1,84135
0,40214	3,97274
0,40224	1,07064
0,40234	2,53457
0,40244	0,59498
0,40254	1,19863
0,40264	0,09962
0,40274	0,19803
0,40284	1,70008
0,40294	0,42907
0,40304	1,48411
0,40314	2,19758
0,40324	0,79655
0,40334	3,0579
0,40344	1,29233
0,40354	6,71016
0,40364	2,5966
0,40374	0,03678
0,40384	4,43633
0,40394	0,82811
0,40404	0,33846
0,40414	6,63788
0,40424	0,51063
0,40434	0,64677
0,40444	0,46498
0,40454	1,67163
0,40464	0,4321
0,40474	5,33998
0,40484	1,34784
0,40494	0,09094
0,40504	2,22264
0,40514	4,94591
0,40524	1,9877
0,40534	6,25757
0,40544	1,36769
0,40554	2,26312
0,40564	0,58779
0,40574	3,9731
0,40584	2,74411
0,40594	3,11752
0,40604	1,12047
0,40614	1,41279
0,40624	4,69434
0,40634	2,62321
0,40644	4,66961
0,40654	4,8948
0,40664	0,6054
0,40674	0,73772
0,40684	0,32143
0,40694	1,70213
0,40704	1,20372
0,40714	1,97741
0,40724	7,18412
0,40734	10,06769
0,40744	1,27828
0,40754	0,88995
0,40764	3,81606
0,40774	7,0428
0,40784	2,20511
0,40794	0,38142
0,40804	1,8676
0,40814	1,53231
0,40824	0,83469
0,40834	0,14667
0,40844	0,33897
0,40854	2,41644
0,40864	0,16341
0,40874	4,28444
0,40884	1,70819
0,40894	4,16156
0,40904	4,64076
0,40914	0,10435
0,40924	1,14057
0,40934	0,37334
0,40944	0,14515
0,40954	0,90276
0,40964	2,9659
0,40974	0,97854
0,40984	5,00091
0,40994	2,01014
0,41004	7,14817
0,41014	0,42064
0,41024	1,06349
0,41034	0,39005
0,41044	0,72998
0,41054	2,08787
0,41064	0,19418
0,41074	0,32818
0,41084	1,44371
0,41094	0,23064
0,41104	4,45735
0,41114	0,82963
0,41124	2,52544
0,41134	4,37412
0,41144	1,80996
0,41154	2,50603
0,41164	3,98347
0,41174	1,6244
0,41184	2,99812
0,41194	2,40359
0,41204	2,69853
0,41214	0,29925
0,41224	1,50347
0,41234	1,13766
0,41244	2,83308
0,41254	0,19848
0,41264	5,23751
0,41274	0,40404
0,41284	1,14813
0,41294	0,0385
0,41304	0,85481
0,41314	5,14424
0,41324	1,2274
0,41334	0,21208
0,41344	2,45072
0,41354	3,44986
0,41364	3,5406
0,41374	2,81105
0,41384	0,26726
0,41394	0,9009
0,41404	6,009
0,41414	4,17436
0,41424	0,54554
0,41434	1,31818
0,41444	2,67997
0,41454	5,82701
0,41464	0,64542
0,41474	0,26497
0,41484	9,9307
0,41494	1,2516
0,41504	0,72574
0,41514	1,73334
0,41524	3,51787
0,41534	1,28696
0,41544	0,73178
0,41554	1,31075
0,41564	1,17413
0,41574	1,88739
0,41584	3,85843
0,41594	1,52479
0,41604	3,11588
0,41614	2,12516
0,41624	3,13224
0,41634	0,75133
0,41644	0,97099
0,41654	1,85086
0,41664	0,75087
0,41674	2,8404
0,41684	2,61933
0,41694	0,497
0,41704	1,34655
0,41714	2,01367
0,41724	1,76079
0,41734	0,90837
0,41744	2,45279
0,41754	1,30428
0,41764	2,0582
0,41774	0,85272
0,41784	0,92828
0,41794	4,44126
0,41804	4,09716
0,41814	0,32594
0,41824	3,07624
0,41834	0,0436
0,41844	1,77916
0,41854	1,08999
0,41864	2,37543
0,41874	1,0652
0,41884	0,416
0,41894	4,00321
0,41904	8,60501
0,41914	1,22154
0,41924	0,65243
0,41934	1,10672
0,41944	0,77526
0,41954	2,02074
0,41964	3,06647
0,41974	1,7039
0,41984	0,02555
0,41994	4,56697
0,42004	4,11824
0,42014	0,57761
0,42024	1,05635
0,42034	2,29428
0,42044	0,79425
0,42054	4,63941
0,42064	1,95883
0,42074	1,82057
0,42084	0,67101
0,42094	1,2802
0,42104	5,51026
0,42114	0,81439
0,42124	1,64735
0,42134	0,09068
0,42144	0,30644
0,42154	1,74177
0,42164	0,54431
0,42174	2,3523
0,42184	0,2869
0,42194	0,7928
0,42204	4,60195
0,42214	2,35643
0,42224	1,86498
0,42234	0,52659
0,42244	0,81945
0,42254	1,33392
0,42264	1,06477
0,42274	3,05005
0,42284	1,28157
0,42294	5,37007
0,42304	5,20299
0,42314	0,32018
0,42324	0,44701
0,42334	0,96062
0,42344	5,50819
0,42354	5,48037
0,42364	6,81058
0,42374	8,43211
0,42384	1,5568
0,42394	1,09509
0,42404	2,48535
0,42414	1,01658
0,42424	0,52011
0,42434	0,74809
0,42444	5,22664
0,42454	1,09919
0,42464	0,5632
0,42474	0,52818
0,42484	0,31677
0,42494	0,4068
0,42504	6,30523
0,42514	0,09524
0,42524	2,27441
0,42534	1,79898
0,42544	2,34055
0,42554	1,17431
0,42564	4,8012
0,42574	1,29411
0,42584	2,79666
0,42594	0,99542
0,42604	0,24968
0,42614	1,53855
0,42624	0,10819
0,42634	0,32748
0,42644	0,6691
0,42654	5,23372
0,42664	3,40678
0,42674	1,55161
0,42684	0,49003
0,42694	0,03817
0,42704	0,16656
0,42714	2,10483
0,42724	3,04436
0,42734	0,90249
0,42744	1,9422
0,42754	10,09524
0,42764	0,6049
0,42774	0,74615
0,42784	1,86048
0,42794	3,38649
0,42804	0,08028
0,42814	1,06174
0,42824	0,867
0,42834	0,98354
0,42844	2,775
0,42854	0,29153
0,42864	1,05256
0,42874	0,02008
0,42884	3,27363
0,42894	4,19445
0,42904	0,3289
0,42914	0,7768
0,42924	3,0463
0,42934	0,51111
0,42944	3,1509
0,42954	0,53555
0,42964	2,39288
0,42974	1,5679
0,42984	0,50396
0,42994	1,81226
0,43004	2,66851
0,43014	2,56661
0,43024	1,45025
0,43034	1,59078
0,43044	3,76315
0,43054	1,15315
0,43064	0,70041
0,43074	0,56553
0,43084	3,62053
0,43094	1,90502
0,43104	2,32629
0,43114	1,10058
0,43124	0,59701
0,43134	1,95149
0,43144	1,38924
0,43154	0,02851
0,43164	3,872
0,43174	0,81954
0,43184	2,17816
0,43194	0,96744
0,43204	3,19054
0,43214	4,46528
0,43224	0,0866
0,43234	0,5995
0,43244	1,50625
0,43254	1,70971
0,43264	2,33306
0,43274	0,40684
0,43284	2,8581
0,43294	0,85692
0,43304	1,57653
0,43314	0,92668
0,43324	9,05726
0,43334	0,42406
0,43344	0,55836
0,43354	0,49684
0,43364	3,23025
0,43374	0,06965
0,43384	0,73275
0,43394	0,95278
0,43404	0,22332
0,43414	0,16438
0,43424	0,39613
0,43434	7,20954
0,43444	0,13588
0,43454	2,27623
0,43464	0,29326
0,43474	1,03493
0,43484	0,30402
0,43494	3,00925
0,43504	3,20339
0,43514	1,77635
0,43524	1,02159
0,43534	1,86105
0,43544	0,76342
0,43554	2,00337
0,43564	0,92595
0,43574	0,83184
0,43584	0,78985
0,43594	3,54999
0,43604	1,73864
0,43614	1,92263
0,43624	0,45853
0,43634	0,44527
0,43644	1,49275
0,43654	0,18234
0,43664	0,13278
0,43674	0,57667
0,43684	0,0742
0,43694	0,19243
0,43704	0,19815
0,43714	0,45373
0,43724	1,48447
0,43734	0,62335
0,43744	1,29628
0,43754	0,97201
0,43764	9,55569
0,43774	0,44353
0,43784	1,30419
0,43794	3,16192
0,43804	2,24965
0,43814	1,03162
0,43824	1,74907
0,43834	1,99068
0,43844	0,16351
0,43854	0,74008
0,43864	1,95057
0,43874	4,18196
0,43884	1,60323
0,43894	0,32344
0,43904	1,2217
0,43914	3,11165
0,43924	7,09816
0,43934	4,97675
0,43944	1,93825
0,43954	1,48245
0,43964	2,9733
0,43974	0,39174
0,43984	1,40651
0,43994	0,16665
0,44004	3,46588
0,44014	1,03864
0,44024	0,92592
0,44034	1,86145
0,44044	1,96849
0,44054	0,95299
0,44064	0,09644
0,44074	1,2739
0,44084	0,82509
0,44094	0,83078
0,44104	0,43133
0,44114	0,07113
0,44124	0,39392
0,44134	2,30669
0,44144	0,03211
0,44154	3,04938
0,44164	3,02406
0,44174	1,03561
0,44184	0,94161
0,44194	0,27323
0,44204	0,13928
0,44214	3,91336
0,44224	0,06874
0,44234	4,58193
0,44244	3,16859
0,44254	0,88991
0,44264	0,23493
0,44274	0,14431
0,44284	1,87836
0,44294	0,71581
0,44304	6,72818
0,44314	0,17346
0,44324	0,96868
0,44334	0,79561
0,44344	0,01672
0,44354	1,91865
0,44364	1,85273
0,44374	0,17499
0,44384	4,75541
0,44394	2,73044
0,44404	1,41037
0,44414	2,8653
0,44424	0,22019
0,44434	0,55708
0,44444	0,40734
0,44454	0,44861
0,44464	2,83058
0,44474	2,12342
0,44484	3,0004
0,44494	3,04666
0,44504	1,04412
0,44514	1,16081
0,44524	15,0072
0,44534	2,00017
0,44544	3,10018
0,44554	0,4232
0,44564	2,74914
0,44574	1,20573
0,44584	7,50112
0,44594	2,18188
0,44604	1,84461
0,44614	0,80969
0,44624	6,48197
0,44634	0,66329
0,44644	0,39183
0,44654	0,11163
0,44664	2,62433
0,44674	1,07409
0,44684	0,09155
0,44694	0,36783
0,44704	0,75534
0,44714	0,41661
0,44724	3,40585
0,44734	0,76783
0,44744	0,87924
0,44754	0,18748
0,44764	1,14103
0,44774	1,82859
0,44784	5,2054
0,44794	0,29785
0,44804	1,86154
0,44814	0,9418
0,44824	6,75206
0,44834	2,18493
0,44844	0,15956
0,44854	0,39636
0,44864	0,10317
0,44874	2,24159
0,44884	2,05066
0,44894	2,66386
0,44904	6,87608
0,44914	0,01888
0,44924	0,18769
0,44934	0,28384
0,44944	2,08158
0,44954	3,46141
0,44964	0,2202
0,44974	0,52801
0,44984	0,70189
0,44995	0,15127
0,45005	1,44766
0,45015	1,6313
0,45025	0,19977
0,45035	6,70091
0,45045	1,11093
0,45055	4,36728
0,45065	0,13274
0,45075	3,56335
0,45085	1,64705
0,45095	0,35752
0,45105	1,15212
0,45115	0,73746
0,45125	0,06381
0,45135	0,20414
0,45145	0,64196
0,45155	0,80702
0,45165	0,27048
0,45175	0,43209
0,45185	4,50262
0,45195	3,54945
0,45205	0,64501
0,45215	4,08072
0,45225	7,69124
0,45235	0,85137
0,45245	9,10349
0,45255	3,14934
0,45265	5,59046
0,45275	0,68135
0,45285	2,50899
0,45295	0,90165
0,45305	6,64596
0,45315	6,69983
0,45325	5,35729
0,45335	2,19978
0,45345	0,58369
0,45355	2,30629
0,45365	0,64131
0,45375	0,93484
0,45385	2,0778
0,45395	0,27429
0,45405	1,14258
0,45415	5,17989
0,45425	0,22562
0,45435	0,86594
0,45445	0,37938
0,45455	0,71028
0,45465	1,45506
0,45475	0,74592
0,45485	2,81241
0,45495	0,71683
0,45505	0,72401
0,45515	2,73864
0,45525	0,2022
0,45535	0,83278
0,45545	1,04134
0,45555	1,09608
0,45565	5,83133
0,45575	10,21354
0,45585	0,0159
0,45595	1,73372
0,45605	2,36807
0,45615	6,36518
0,45625	3,37261
0,45635	0,13997
0,45645	0,12942
0,45655	5,74957
0,45665	0,21868
0,45675	0,18325
0,45685	0,36327
0,45695	3,12538
0,45705	2,36052
0,45715	1,936
0,45725	2,56067
0,45735	3,49516
0,45745	0,09564
0,45755	0,11057
0,45765	3,94176
0,45775	0,46826
0,45785	1,73792
0,45795	3,0002
0,45805	1,536
0,45815	3,80715
0,45825	4,39563
0,45835	0,97524
0,45845	0,71509
0,45855	0,91849
0,45865	0,87616
0,45875	0,48624
0,45885	1,98216
0,45895	3,2491
0,45905	0,50541
0,45915	2,79753
0,45925	0,76435
0,45935	1,34907
0,45945	1,89643
0,45955	0,24644
0,45965	3,05508
0,45975	1,32122
0,45985	0,04347
0,45995	3,04202
0,46005	0,42758
0,46015	5,28903
0,46025	0,32579
0,46035	1,41698
0,46045	6,84734
0,46055	0,45766
0,46065	1,75948
0,46075	2,30151
0,46085	0,80927
0,46095	1,09526
0,46105	0,51591
0,46115	1,04104
0,46125	1,52581
0,46135	1,5731
0,46145	2,82464
0,46155	1,83166
0,46165	0,44247
0,46175	1,14171
0,46185	10,34128
0,46195	4,47979
0,46205	2,74632
0,46215	2,69476
0,46225	0,56259
0,46235	0,69055
0,46245	0,5787
0,46255	1,55016
0,46265	1,08704
0,46275	0,88204
0,46285	5,65523
0,46295	5,17752
0,46305	4,77955
0,46315	4,33417
0,46325	3,70737
0,46335	2,33833
0,46345	0,49301
0,46355	1,09696
0,46365	0,73779
0,46375	2,97039
0,46385	1,84695
0,46395	1,1281
0,46405	1,48648
0,46415	2,49433
0,46425	0,5183
0,46435	0,91653
0,46445	2,94961
0,46455	1,48598
0,46465	0,00498
0,46475	1,41482
0,46485	5,86359
0,46495	3,97423
0,46505	0,26321
0,46515	1,64795
0,46525	1,41428
0,46535	0,22301
0,46545	1,18973
0,46555	0,04419
0,46565	0,09907
0,46575	2,97748
0,46585	4,26978
0,46595	0,9088
0,46605	0,98013
0,46615	1,36433
0,46625	0,69439
0,46635	2,00792
0,46645	0,16978
0,46655	0,62054
0,46665	0,86244
0,46675	2,46593
0,46685	2,17146
0,46695	0,61922
0,46705	1,27403
0,46715	0,57208
0,46725	3,41017
0,46735	1,07931
0,46745	5,8505
0,46755	2,2512
0,46765	1,18645
0,46775	0,24881
0,46785	2,78336
0,46795	0,05244
0,46805	4,67354
0,46815	0,96388
0,46825	2,49965
0,46835	0,01299
0,46845	0,91873
0,46855	1,38747
0,46865	4,09201
0,46875	1,33614
0,46885	9,92665
0,46895	0,72612
0,46905	0,83177
0,46915	4,19418
0,46925	1,54957
0,46935	7,86817
0,46945	1,22305
0,46955	1,87816
0,46965	2,50918
0,46975	2,36674
0,46985	1,03844
0,46995	2,04401
0,47005	3,45583
0,47015	1,02881
0,47025	0,92676
0,47035	3,32778
0,47045	2,18902
0,47055	1,52947
0,47065	1,31061
0,47075	2,0763
0,47085	3,83518
0,47095	2,24345
0,47105	3,76077
0,47115	0,28535
0,47125	2,03943
0,47135	1,13454
0,47145	0,62905
0,47155	1,62161
0,47165	1,356
0,47175	0,4784
0,47185	1,12441
0,47195	2,90341
0,47205	5,70285
0,47215	1,98148
0,47225	0,21316
0,47235	3,06925
0,47245	3,11219
0,47255	0,42039
0,47265	4,46898
0,47275	2,23174
0,47285	0,61251
0,47295	4,01783
0,47305	5,44239
0,47315	1,55578
0,47325	0,0384
0,47335	1,05035
0,47345	0,0387
0,47355	5,00696
0,47365	0,59104
0,47375	1,25879
0,47385	0,41283
0,47395	2,71202
0,47405	8,53866
0,47415	4,70744
0,47425	4,01475
0,47435	0,05943
0,47445	2,09075
0,47455	0,37192
0,47465	3,70557
0,47475	5,56698
0,47485	2,57398
0,47495	4,2268
0,47505	1,22947
0,47515	5,33479
0,47525	5,84671
0,47535	0,262
0,47545	3,51132
0,47555	3,04579
0,47565	2,75173
0,47575	3,83475
0,47585	2,52434
0,47595	2,19471
0,47605	0,47065
0,47615	0,44534
0,47625	0,22327
0,47635	0,8115
0,47645	0,59762
0,47655	1,90473
0,47665	0,29472
0,47675	1,34032
0,47685	0,29738
0,47695	1,49338
0,47705	0,52827
0,47715	0,32209
0,47725	6,96639
0,47735	2,21637
0,47745	1,14792
0,47755	5,60015
0,47765	0,7816
0,47775	0,05884
0,47785	0,94255
0,47795	1,20331
0,47805	0,22275
0,47815	1,3814
0,47825	0,33682
0,47835	2,73275
0,47845	2,39371
0,47855	0,96553
0,47865	4,46534
0,47875	0,00187
0,47885	0,69797
0,47895	3,06856
0,47905	5,85894
0,47915	0,7719
0,47925	0,57462
0,47935	1,66254
0,47945	0,54469
0,47955	0,279
0,47965	3,39329
0,47975	2,68803
0,47985	1,08569
0,47995	5,15537
0,48005	2,33795
0,48015	2,65707
0,48025	2,38444
0,48035	5,41965
0,48045	1,59715
0,48055	3,52406
0,48065	1,51391
0,48075	0,03901
0,48085	0,23783
0,48095	0,34667
0,48105	0,85237
0,48115	3,27341
0,48125	1,74888
0,48135	0,8569
0,48145	1,64511
0,48155	0,27998
0,48165	1,89953
0,48175	2,99967
0,48185	0,02083
0,48195	1,85701
0,48205	3,30005
0,48215	6,1949
0,48225	0,18394
0,48235	1,38555
0,48245	0,50941
0,48255	1,9162
0,48265	1,91704
0,48275	3,77472
0,48285	0,19853
0,48295	4,32748
0,48305	4,3795
0,48315	0,42452
0,48325	2,30067
0,48335	5,42375
0,48345	0,28881
0,48355	3,19154
0,48365	0,39176
0,48375	1,71468
0,48385	0,93875
0,48395	1,23289
0,48405	0,67631
0,48415	0,72824
0,48425	0,52794
0,48435	1,52411
0,48445	2,03773
0,48455	0,70353
0,48465	4,03114
0,48475	0,61511
0,48485	0,07188
0,48495	0,38944
0,48505	0,78421
0,48515	0,07423
0,48525	2,76183
0,48535	3,11244
0,48545	2,45272
0,48555	0,95493
0,48565	0,46401
0,48575	2,33884
0,48585	0,19075
0,48595	0,45899
0,48605	0,68167
0,48615	0,44808
0,48625	0,74616
0,48635	1,6097
0,48645	0,80724
0,48655	1,20517
0,48665	1,54362
0,48675	0,45285
0,48685	0,74512
0,48695	4,65919
0,48705	1,44355
0,48715	6,58278
0,48725	0,08131
0,48735	0,44869
0,48745	0,10512
0,48755	2,24173
0,48765	5,10403
0,48775	0,42206
0,48785	2,21681
0,48795	0,03972
0,48805	2,3447
0,48815	0,27601
0,48825	2,85851
0,48835	4,12645
0,48845	1,76657
0,48855	0,02571
0,48865	5,16541
0,48875	6,17094
0,48885	1,96364
0,48895	1,18103
0,48905	0,42395
0,48915	1,58542
0,48925	0,37737
0,48935	1,16965
0,48945	0,27996
0,48955	6,65038
0,48965	3,39704
0,48975	1,77134
0,48985	4,03615
0,48995	0,68495
0,49005	4,99597
0,49015	1,67619
0,49025	0,44033
0,49035	0,22513
0,49045	5,76978
0,49055	2,52946
0,49065	5,31931
0,49075	1,30377
0,49085	1,47297
0,49095	1,79696
0,49105	5,54432
0,49115	2,32617
0,49125	1,82751
0,49135	0,66987
0,49145	0,17706
0,49155	0,49802
0,49165	0,44763
0,49175	1,55362
0,49185	0,92736
0,49195	2,81108
0,49205	0,58515
0,49215	0,81731
0,49225	1,72154
0,49235	0,28612
0,49245	1,17044
0,49255	2,12835
0,49265	0,10561
0,49275	0,18025
0,49285	1,56205
0,49295	0,28589
0,49305	1,27874
0,49315	1,42556
0,49325	0,69168
0,49335	0,09977
0,49345	2,90738
0,49355	1,50652
0,49365	0,10423
0,49375	3,08989
0,49385	0,14367
0,49395	1,41378
0,49405	0,37286
0,49415	1,01668
0,49425	1,19569
0,49435	0,09512
0,49445	1,44702
0,49455	1,35509
0,49465	2,17752
0,49475	2,08451
0,49485	3,06148
0,49495	0,71678
0,49505	3,58102
0,49515	0,34181
0,49525	4,19263
0,49535	1,1401
0,49545	0,59481
0,49555	0,96878
0,49565	1,98678
0,49575	3,21213
0,49585	0,75354
0,49595	0,79519
0,49605	1,40525
0,49615	0,86057
0,49625	2,34944
0,49635	1,20316
0,49645	0,67266
0,49655	1,63489
0,49665	1,40896
0,49675	2,74587
0,49685	0,66921
0,49695	0,53408
0,49705	2,80481
0,49715	2,16176
0,49725	0,09067
0,49735	0,14789
0,49745	0,26504
0,49755	2,62595
0,49765	0,06136
0,49775	0,12371
0,49785	1,04626
0,49795	8,05758
0,49805	0,72366
0,49815	0,40276
0,49825	5,54388
0,49835	1,0984
0,49845	2,16475
0,49855	0,5337
0,49865	1,76627
0,49875	0,45733
0,49885	1,82793
0,49895	2,90601
0,49905	0,72508
0,49915	2,03132
0,49925	3,13262
0,49935	0,97037
0,49945	0,09446
0,49955	6,86958
0,49965	0,56594
0,49975	6,00619
0,49985	5,44802
0,49995	0,57214
