1	96
2	84
3	110
4	89
5	87
6	97
7	86
8	117
9	102
10	118
11	103
12	89
13	115
14	104
15	86
16	110
17	88
18	122
19	85
20	92
21	105
22	108
23	109
24	102
25	96
26	105
27	121
28	97
29	96
30	114
31	100
32	105
33	91
34	90
35	91
36	93
37	112
38	121
39	100
40	80
41	88
42	75
43	81
44	113
45	100
46	91
47	104
48	79
49	108
50	98
51	116
52	99
53	105
54	103
55	100
56	118
57	129
58	90
59	117
60	119
61	107
62	98
63	98
64	101
65	91
66	93
67	120
68	89
69	101
70	99
71	97
72	110
73	92
74	111
75	94
76	111
77	108
78	93
79	105
80	82
81	93
82	99
83	107
84	91
85	90
86	106
87	91
88	111
89	108
90	89
91	108
92	93
93	95
94	97
95	110
96	89
97	96
98	87
99	114
100	134
101	83
102	101
103	95
104	99
105	115
106	106
107	112
108	101
109	94
110	80
111	96
112	119
113	119
114	91
115	100
116	102
117	99
118	85
119	99
120	92
121	91
122	86
123	92
124	108
125	92
126	84
127	92
128	99
129	110
130	112
131	96
132	94
133	97
134	108
135	114
136	106
137	97
138	99
139	106
140	102
141	101
142	100
143	102
144	112
145	90
146	110
147	89
148	104
149	98
150	100
151	100
152	107
153	99
154	85
155	99
156	100
157	102
158	99
159	101
160	106
161	92
162	92
163	104
164	100
165	108
166	97
167	95
168	114
169	110
170	106
171	101
172	104
173	105
174	103
175	115
176	104
177	83
178	114
179	85
180	104
181	96
182	90
183	100
184	106
185	108
186	109
187	89
188	98
189	101
190	109
191	103
192	105
193	97
194	107
195	102
196	90
197	104
198	98
199	95
200	104
201	96
202	87
203	120
204	86
205	96
206	109
207	94
208	102
209	98
210	102
211	104
212	92
213	105
214	103
215	105
216	112
217	114
218	93
219	92
220	87
221	101
222	91
223	114
224	95
225	108
226	117
227	105
228	112
229	98
230	102
231	86
232	83
233	95
234	108
235	94
236	94
237	110
238	123
239	98
240	100
241	107
242	86
243	112
244	87
245	98
246	87
247	115
248	101
249	100
250	94
251	94
252	99
253	105
254	95
255	94
256	91
257	82
258	96
259	116
260	83
261	97
262	96
263	86
264	98
265	83
266	94
267	96
268	100
269	101
270	108
271	99
272	92
273	101
274	86
275	103
276	111
277	101
278	99
279	103
280	115
281	104
282	95
283	102
284	106
285	105
286	93
287	108
288	104
289	99
290	105
291	96
292	105
293	98
294	86
295	114
296	106
297	99
298	116
299	98
300	87
301	108
302	96
303	106
304	84
305	86
306	99
307	98
308	127
309	101
310	98
311	96
312	107
313	99
314	96
315	116
316	91
317	94
318	89
319	104
320	95
321	99
322	102
323	115
324	101
325	106
326	111
327	80
328	115
329	108
330	94
331	113
332	107
333	107
334	119
335	84
336	106
337	100
338	100
339	110
340	89
341	109
342	93
343	118
344	100
345	93
346	103
347	92
348	88
349	103
350	104
351	111
352	85
353	102
354	98
355	83
356	88
357	107
358	109
359	124
360	89
361	119
362	101
363	105
364	101
365	117
366	107
367	106
368	93
369	97
370	123
371	90
372	102
373	97
374	95
375	94
376	93
377	113
378	106
379	88
380	89
381	83
382	109
383	84
384	102
385	96
386	91
387	98
388	110
389	110
390	92
391	101
392	109
393	109
394	119
395	108
396	112
397	95
398	92
399	98
400	107
401	117
402	106
403	102
404	91
405	104
406	108
407	107
408	90
409	110
410	109
411	96
412	110
413	103
414	94
415	75
416	90
417	112
418	95
419	104
420	122
421	93
422	90
423	105
424	93
425	100
426	99
427	104
428	108
429	90
430	95
431	104
432	82
433	92
434	105
435	119
436	119
437	91
438	100
439	92
440	110
441	97
442	96
443	93
444	108
445	90
446	99
447	88
448	104
449	108
450	86
451	101
452	102
453	105
454	93
455	115
456	92
457	102
458	90
459	98
460	100
461	107
462	102
463	89
464	108
465	98
466	94
467	104
468	104
469	91
470	92
471	106
472	97
473	107
474	97
475	109
476	110
477	122
478	96
479	104
480	108
481	112
482	93
483	91
484	109
485	112
486	116
487	108
488	94
489	108
490	113
491	101
492	108
493	105
494	111
495	88
496	129
497	112
498	103
499	103
500	89
501	111
502	105
503	110
504	91
505	81
506	113
507	102
508	80
509	84
510	106
511	98
512	94
513	117
514	101
515	69
516	89
517	111
518	88
519	78
520	99
521	111
522	95
523	104
524	95
525	98
526	98
527	102
528	130
529	111
530	97
531	101
532	108
533	120
534	107
535	90
536	99
537	103
538	118
539	87
540	97
541	97
542	78
543	98
544	87
545	89
546	113
547	110
548	111
549	93
550	111
551	104
552	97
553	113
554	103
555	101
556	109
557	95
558	95
559	105
560	105
561	128
562	95
563	96
564	119
565	109
566	97
567	87
568	98
569	87
570	100
571	85
572	109
573	112
574	96
575	94
576	82
577	91
578	90
579	111
580	98
581	111
582	101
583	94
584	100
585	115
586	104
587	105
588	99
589	94
590	93
591	94
592	97
593	105
594	107
595	88
596	113
597	110
598	121
599	109
600	110
601	93
602	97
603	98
604	104
605	112
606	107
607	112
608	89
609	106
610	87
611	98
612	104
613	85
614	101
615	101
616	101
617	99
618	96
619	95
620	112
621	96
622	97
623	92
624	108
625	83
626	100
627	97
628	114
629	109
630	99
631	117
632	102
633	100
634	114
635	94
636	113
637	100
638	88
639	103
640	89
641	112
642	105
643	90
644	92
645	98
646	86
647	90
648	129
649	89
650	81
651	102
652	82
653	88
654	87
655	97
656	97
657	119
658	91
659	97
660	97
661	102
662	107
663	113
664	122
665	115
666	108
667	114
668	105
669	92
670	88
671	104
672	90
673	99
674	105
675	86
676	102
677	96
678	86
679	100
680	110
681	97
682	95
683	86
684	93
685	101
686	103
687	99
688	99
689	91
690	99
691	91
692	88
693	92
694	124
695	89
696	97
697	108
698	91
699	94
700	99
701	107
702	92
703	97
704	99
705	99
706	89
707	115
708	93
709	86
710	97
711	97
712	80
713	98
714	90
715	89
716	115
717	89
718	89
719	108
720	96
721	82
722	99
723	110
724	116
725	87
726	103
727	112
728	84
729	80
730	104
731	114
732	90
733	95
734	106
735	105
736	109
737	102
738	106
739	86
740	95
741	109
742	108
743	99
744	100
745	96
746	96
747	99
748	79
749	111
750	101
751	89
752	109
753	101
754	117
755	105
756	88
757	101
758	126
759	93
760	87
761	93
762	99
763	93
764	88
765	114
766	92
767	111
768	81
769	109
770	95
771	107
772	89
773	93
774	103
775	108
776	99
777	103
778	120
779	105
780	109
781	104
782	89
783	101
784	98
785	87
786	105
787	91
788	105
789	97
790	105
791	77
792	105
793	103
794	104
795	103
796	107
797	93
798	95
799	97
800	105
801	90
802	102
803	92
804	117
805	95
806	102
807	79
808	107
809	106
810	107
811	86
812	111
813	122
814	97
815	119
816	109
817	121
818	91
819	102
820	84
821	92
822	95
823	111
824	109
825	106
826	102
827	104
828	108
829	88
830	105
831	92
832	103
833	96
834	107
835	105
836	92
837	108
838	96
839	86
840	116
841	101
842	99
843	92
844	92
845	119
846	97
847	119
848	98
849	95
850	87
851	88
852	104
853	91
854	103
855	96
856	80
857	98
858	91
859	96
860	128
861	91
862	99
863	79
864	87
865	122
866	119
867	105
868	97
869	114
870	106
871	86
872	89
873	90
874	99
875	93
876	91
877	93
878	100
879	95
880	115
881	87
882	116
883	115
884	116
885	107
886	91
887	106
888	98
889	96
890	108
891	115
892	80
893	103
894	111
895	112
896	93
897	99
898	101
899	106
900	112
901	104
902	102
903	107
904	98
905	96
906	101
907	96
908	101
909	87
910	100
911	94
912	103
913	106
914	92
915	101
916	124
917	96
918	114
919	85
920	107
921	111
922	84
923	82
924	103
925	96
926	114
927	113
928	98
929	95
930	73
931	102
932	103
933	93
934	105
935	110
936	93
937	100
938	109
939	90
940	89
941	110
942	91
943	75
944	87
945	104
946	99
947	92
948	92
949	105
950	103
951	106
952	97
953	104
954	119
955	111
956	92
957	105
958	101
959	105
960	90
961	101
962	100
963	121
964	93
965	100
966	85
967	92
968	97
969	101
970	100
971	96
972	91
973	91
974	87
975	99
976	92
977	104
978	99
979	97
980	103
981	94
982	100
983	96
984	110
985	108
986	98
987	112
988	92
989	82
990	98
991	101
992	102
993	110
994	99
995	109
996	98
997	97
998	83
999	95
1000	104
1001	100
1002	106
1003	94
1004	100
1005	113
1006	79
1007	111
1008	124
1009	106
1010	120
1011	87
1012	94
1013	95
1014	95
1015	94
1016	112
1017	103
1018	105
1019	97
1020	117
1021	92
1022	95
1023	108
1024	95
1025	112
1026	96
1027	110
1028	100
1029	95
1030	95
1031	99
1032	100
1033	86
1034	75
1035	87
1036	111
1037	85
1038	91
1039	98
1040	111
1041	103
1042	90
1043	95
1044	110
1045	107
1046	92
1047	106
1048	103
1049	101
1050	89
1051	86
1052	109
1053	93
1054	119
1055	96
1056	90
1057	93
1058	103
1059	111
1060	89
1061	96
1062	105
1063	104
1064	99
1065	79
1066	94
1067	111
1068	103
1069	95
1070	93
1071	87
1072	84
1073	91
1074	102
1075	107
1076	103
1077	104
1078	94
1079	97
1080	91
1081	91
1082	101
1083	102
1084	91
1085	113
1086	104
1087	93
1088	106
1089	96
1090	97
1091	89
1092	92
1093	108
1094	107
1095	103
1096	98
1097	101
1098	105
1099	87
1100	106
1101	101
1102	105
1103	93
1104	86
1105	95
1106	111
1107	109
1108	114
1109	89
1110	99
1111	101
1112	107
1113	88
1114	97
1115	96
1116	107
1117	99
1118	80
1119	92
1120	114
1121	117
1122	105
1123	94
1124	87
1125	111
1126	99
1127	111
1128	114
1129	98
1130	108
1131	101
1132	96
1133	92
1134	110
1135	100
1136	115
1137	106
1138	123
1139	95
1140	101
1141	111
1142	99
1143	107
1144	97
1145	88
1146	123
1147	89
1148	111
1149	90
1150	104
1151	107
1152	102
1153	121
1154	100
1155	93
1156	92
1157	102
1158	95
1159	93
1160	113
1161	98
1162	109
1163	102
1164	107
1165	114
1166	95
1167	99
1168	112
1169	98
1170	99
1171	90
1172	104
1173	96
1174	106
1175	95
1176	119
1177	103
1178	98
1179	104
1180	114
1181	98
1182	86
1183	102
1184	105
1185	97
1186	109
1187	108
1188	96
1189	110
1190	96
1191	122
1192	110
1193	105
1194	95
1195	92
1196	112
1197	97
1198	98
1199	93
1200	104
1201	96
1202	109
1203	81
1204	105
1205	98
1206	108
1207	98
1208	105
1209	105
1210	105
1211	103
1212	97
1213	97
1214	106
1215	118
1216	82
1217	90
1218	90
1219	89
1220	92
1221	98
1222	104
1223	121
1224	87
1225	110
1226	100
1227	86
1228	83
1229	106
1230	97
1231	90
1232	106
1233	100
1234	109
1235	100
1236	92
1237	100
1238	103
1239	86
1240	95
1241	87
1242	92
1243	93
1244	105
1245	118
1246	109
1247	103
1248	94
1249	89
1250	99
1251	93
1252	110
1253	94
1254	88
1255	106
1256	113
1257	84
1258	99
1259	99
1260	109
1261	90
1262	118
1263	90
1264	113
1265	113
1266	82
1267	102
1268	88
1269	101
1270	91
1271	108
1272	109
1273	102
1274	82
1275	86
1276	97
1277	93
1278	101
1279	95
1280	92
1281	101
1282	98
1283	99
1284	90
1285	97
1286	98
1287	85
1288	103
1289	92
1290	91
1291	101
1292	107
1293	94
1294	91
1295	103
1296	83
1297	95
1298	95
1299	96
1300	100
1301	85
1302	105
1303	100
1304	111
1305	78
1306	84
1307	112
1308	114
1309	104
1310	103
1311	92
1312	76
1313	93
1314	91
1315	88
1316	111
1317	109
1318	104
1319	106
1320	98
1321	108
1322	93
1323	108
1324	103
1325	102
1326	97
1327	85
1328	115
1329	106
1330	88
1331	107
1332	99
1333	96
1334	92
1335	100
1336	102
1337	94
1338	107
1339	87
1340	98
1341	94
1342	94
1343	106
1344	91
1345	86
1346	94
1347	106
1348	77
1349	79
1350	107
1351	114
1352	92
1353	96
1354	102
1355	99
1356	97
1357	99
1358	105
1359	86
1360	100
1361	104
1362	97
1363	95
1364	89
1365	111
1366	96
1367	100
1368	109
1369	92
1370	105
1371	130
1372	97
1373	124
1374	108
1375	118
1376	87
1377	85
1378	85
1379	112
1380	93
1381	116
1382	109
1383	93
1384	102
1385	99
1386	79
1387	95
1388	80
1389	92
1390	94
1391	109
1392	85
1393	89
1394	117
1395	103
1396	108
1397	114
1398	95
1399	101
1400	101
1401	110
1402	99
1403	92
1404	113
1405	98
1406	88
1407	92
1408	100
1409	76
1410	95
1411	106
1412	81
1413	92
1414	91
1415	106
1416	93
1417	107
1418	110
1419	99
1420	117
1421	115
1422	116
1423	111
1424	107
1425	99
1426	93
1427	87
1428	108
1429	107
1430	87
1431	99
1432	100
1433	102
1434	120
1435	107
1436	103
1437	123
1438	112
1439	94
1440	101
1441	90
1442	90
1443	105
1444	103
1445	129
1446	107
1447	82
1448	105
1449	94
1450	82
1451	91
1452	101
1453	103
1454	93
1455	88
1456	99
1457	89
1458	108
1459	104
1460	90
1461	99
1462	97
1463	82
1464	122
1465	95
1466	89
1467	94
1468	97
1469	102
1470	98
1471	103
1472	96
1473	98
1474	99
1475	103
1476	99
1477	125
1478	88
1479	103
1480	108
1481	126
1482	102
1483	111
1484	103
1485	89
1486	103
1487	88
1488	86
1489	103
1490	87
1491	86
1492	111
1493	90
1494	113
1495	97
1496	101
1497	89
1498	95
1499	102
1500	67
1501	104
1502	88
1503	98
1504	90
1505	87
1506	108
1507	109
1508	95
1509	94
1510	101
1511	94
1512	97
1513	94
1514	100
1515	93
1516	85
1517	92
1518	90
1519	101
1520	81
1521	99
1522	93
1523	115
1524	98
1525	109
1526	98
1527	95
1528	103
1529	109
1530	113
1531	104
1532	88
1533	89
1534	102
1535	99
1536	91
1537	88
1538	94
1539	104
1540	105
1541	101
1542	93
1543	111
1544	110
1545	107
1546	95
1547	83
1548	106
1549	113
1550	109
1551	100
1552	79
1553	121
1554	113
1555	111
1556	81
1557	105
1558	92
1559	102
1560	94
1561	88
1562	105
1563	111
1564	100
1565	99
1566	96
1567	111
1568	112
1569	89
1570	112
1571	106
1572	99
1573	100
1574	93
1575	90
1576	98
1577	111
1578	94
1579	112
1580	104
1581	83
1582	94
1583	94
1584	93
1585	93
1586	89
1587	95
1588	90
1589	109
1590	86
1591	121
1592	89
1593	106
1594	110
1595	112
1596	107
1597	94
1598	103
1599	104
1600	93
1601	120
1602	97
1603	95
1604	116
1605	101
1606	112
1607	90
1608	97
1609	96
1610	108
1611	108
1612	90
1613	88
1614	106
1615	90
1616	110
1617	94
1618	105
1619	105
1620	85
1621	93
1622	94
1623	105
1624	91
1625	110
1626	98
1627	106
1628	107
1629	120
1630	82
1631	99
1632	106
1633	90
1634	97
1635	87
1636	101
1637	102
1638	121
1639	91
1640	122
1641	85
1642	111
1643	93
1644	105
1645	89
1646	107
1647	106
1648	100
1649	96
1650	107
1651	90
1652	104
1653	92
1654	116
1655	124
1656	86
1657	92
1658	102
1659	79
1660	101
1661	98
1662	80
1663	109
1664	115
1665	120
1666	110
1667	108
1668	100
1669	112
1670	84
1671	102
1672	102
1673	112
1674	93
1675	93
1676	110
1677	98
1678	116
1679	89
1680	112
1681	105
1682	106
1683	79
1684	106
1685	99
1686	108
1687	83
1688	97
1689	117
1690	105
1691	109
1692	90
1693	93
1694	78
1695	107
1696	101
1697	84
1698	102
1699	112
1700	98
1701	116
1702	107
1703	102
1704	83
1705	119
1706	103
1707	92
1708	88
1709	104
1710	99
1711	106
1712	110
1713	86
1714	84
1715	105
1716	114
1717	90
1718	90
1719	92
1720	111
1721	86
1722	106
1723	115
1724	112
1725	99
1726	99
1727	100
1728	77
1729	90
1730	98
1731	101
1732	102
1733	114
1734	106
1735	91
1736	106
1737	89
1738	112
1739	104
1740	89
1741	107
1742	104
1743	83
1744	105
1745	98
1746	102
1747	104
1748	86
1749	117
1750	100
1751	118
1752	105
1753	75
1754	88
1755	98
1756	106
1757	104
1758	110
1759	87
1760	122
1761	86
1762	118
1763	88
1764	116
1765	79
1766	114
1767	101
1768	108
1769	93
1770	95
1771	101
1772	88
1773	100
1774	104
1775	125
1776	102
1777	106
1778	103
1779	91
1780	105
1781	84
1782	104
1783	106
1784	114
1785	99
1786	103
1787	107
1788	100
1789	111
1790	104
1791	93
1792	89
1793	94
1794	107
1795	93
1796	100
1797	84
1798	94
1799	104
1800	93
1801	111
1802	105
1803	92
1804	124
1805	106
1806	94
1807	109
1808	99
1809	88
1810	94
1811	104
1812	109
1813	100
1814	94
1815	105
1816	106
1817	94
1818	81
1819	95
1820	97
1821	89
1822	99
1823	98
1824	119
1825	96
1826	105
1827	99
1828	90
1829	115
1830	96
1831	97
1832	99
1833	92
1834	98
1835	108
1836	103
1837	108
1838	112
1839	118
1840	100
1841	110
1842	96
1843	106
1844	94
1845	103
1846	103
1847	111
1848	97
1849	111
1850	114
1851	81
1852	90
1853	105
1854	105
1855	90
1856	112
1857	107
1858	99
1859	98
1860	117
1861	106
1862	119
1863	94
1864	100
1865	92
1866	124
1867	111
1868	97
1869	124
1870	94
1871	101
1872	89
1873	94
1874	103
1875	98
1876	90
1877	100
1878	108
1879	96
1880	92
1881	85
1882	102
1883	85
1884	99
1885	94
1886	90
1887	108
1888	97
1889	99
1890	84
1891	124
1892	101
1893	89
1894	93
1895	108
1896	97
1897	103
1898	122
1899	112
1900	94
1901	105
1902	76
1903	115
1904	104
1905	123
1906	101
1907	98
1908	105
1909	94
1910	99
1911	123
1912	111
1913	98
1914	106
1915	104
1916	106
1917	100
1918	114
1919	111
1920	85
1921	111
1922	86
1923	115
1924	80
1925	94
1926	98
1927	106
1928	134
1929	109
1930	109
1931	94
1932	106
1933	106
1934	121
1935	103
1936	111
1937	126
1938	88
1939	97
1940	92
1941	96
1942	99
1943	106
1944	103
1945	83
1946	83
1947	84
1948	86
1949	107
1950	109
1951	85
1952	104
1953	97
1954	114
1955	110
1956	112
1957	91
1958	101
1959	96
1960	108
1961	120
1962	104
1963	101
1964	88
1965	107
1966	98
1967	108
1968	83
1969	73
1970	101
1971	107
1972	96
1973	102
1974	121
1975	96
1976	78
1977	100
1978	107
1979	125
1980	109
1981	99
1982	105
1983	102
1984	93
1985	108
1986	91
1987	94
1988	97
1989	85
1990	109
1991	99
1992	100
1993	106
1994	99
1995	92
1996	96
1997	87
1998	89
1999	101
2000	111
2001	98
2002	91
2003	103
2004	104
2005	105
2006	92
2007	90
2008	113
2009	97
2010	98
2011	94
2012	108
2013	99
2014	99
2015	106
2016	96
2017	97
2018	96
2019	101
2020	98
2021	120
2022	102
2023	105
2024	107
2025	113
2026	97
2027	108
2028	100
2029	116
2030	95
2031	93
2032	76
2033	107
2034	124
2035	98
2036	102
2037	98
2038	109
2039	99
2040	98
2041	100
2042	94
2043	95
2044	107
2045	101
2046	116
2047	107
2048	91
2049	89
2050	85
2051	98
2052	106
2053	98
2054	102
2055	106
2056	72
2057	90
2058	101
2059	97
2060	104
2061	97
2062	103
2063	100
2064	105
2065	110
2066	97
2067	109
2068	98
2069	98
2070	104
2071	103
2072	74
2073	88
2074	109
2075	96
2076	107
2077	99
2078	113
2079	104
2080	110
2081	120
2082	88
2083	95
2084	112
2085	103
2086	108
2087	95
2088	94
2089	102
2090	117
2091	89
2092	97
2093	97
2094	78
2095	94
2096	120
2097	102
2098	90
2099	99
2100	120
2101	110
2102	77
2103	106
2104	90
2105	119
2106	117
2107	108
2108	99
2109	92
2110	93
2111	114
2112	91
2113	73
2114	103
2115	103
2116	86
2117	107
2118	98
2119	108
2120	91
2121	94
2122	99
2123	94
2124	109
2125	95
2126	96
2127	111
2128	101
2129	97
2130	119
2131	116
2132	93
2133	101
2134	116
2135	99
2136	84
2137	103
2138	89
2139	88
2140	115
2141	84
2142	103
2143	99
2144	110
2145	105
2146	110
2147	112
2148	111
2149	86
2150	95
2151	123
2152	102
2153	104
2154	90
2155	107
2156	100
2157	90
2158	100
2159	88
2160	91
2161	91
2162	115
2163	104
2164	99
2165	88
2166	86
2167	116
2168	87
2169	85
2170	110
2171	95
2172	115
2173	120
2174	102
2175	107
2176	108
2177	102
2178	122
2179	109
2180	102
2181	113
2182	110
2183	91
2184	93
2185	80
2186	100
2187	104
2188	115
2189	95
2190	102
2191	100
2192	110
2193	102
2194	97
2195	107
2196	107
2197	103
2198	115
2199	84
2200	104
2201	144
2202	97
2203	99
2204	91
2205	104
2206	106
2207	80
2208	83
2209	94
2210	91
2211	108
2212	100
2213	91
2214	88
2215	108
2216	97
2217	77
2218	102
2219	110
2220	95
2221	96
2222	107
2223	111
2224	89
2225	89
2226	118
2227	93
2228	108
2229	92
2230	114
2231	90
2232	115
2233	98
2234	94
2235	112
2236	103
2237	124
2238	98
2239	105
2240	92
2241	94
2242	114
2243	96
2244	89
2245	82
2246	96
2247	95
2248	106
2249	107
2250	99
2251	106
2252	110
2253	84
2254	94
2255	102
2256	126
2257	82
2258	102
2259	92
2260	99
2261	101
2262	110
2263	96
2264	102
2265	95
2266	84
2267	100
2268	94
2269	98
2270	102
2271	106
2272	95
2273	116
2274	113
2275	96
2276	99
2277	118
2278	114
2279	103
2280	83
2281	98
2282	115
2283	102
2284	105
2285	86
2286	90
2287	114
2288	118
2289	92
2290	101
2291	105
2292	107
2293	94
2294	104
2295	88
2296	126
2297	95
2298	83
2299	96
2300	100
2301	99
2302	92
2303	93
2304	91
2305	108
2306	101
2307	104
2308	83
2309	101
2310	105
2311	91
2312	98
2313	95
2314	88
2315	106
2316	84
2317	90
2318	93
2319	103
2320	103
2321	114
2322	101
2323	84
2324	93
2325	121
2326	106
2327	110
2328	103
2329	103
2330	92
2331	87
2332	102
2333	108
2334	106
2335	102
2336	90
2337	105
2338	100
2339	90
2340	114
2341	115
2342	110
2343	92
2344	93
2345	96
2346	99
2347	100
2348	105
2349	112
2350	99
2351	90
2352	108
2353	114
2354	116
2355	115
2356	107
2357	92
2358	109
2359	98
2360	99
2361	98
2362	109
2363	103
2364	89
2365	104
2366	104
2367	86
2368	105
2369	101
2370	104
2371	105
2372	84
2373	105
2374	109
2375	105
2376	90
2377	106
2378	98
2379	89
2380	98
2381	109
2382	100
2383	95
2384	96
2385	96
2386	90
2387	111
2388	73
2389	81
2390	92
2391	111
2392	116
2393	97
2394	109
2395	98
2396	103
2397	100
2398	100
2399	102
2400	109
2401	86
2402	104
2403	96
2404	108
2405	79
2406	105
2407	107
2408	99
2409	104
2410	102
2411	118
2412	94
2413	111
2414	101
2415	100
2416	104
2417	98
2418	89
2419	110
2420	91
2421	96
2422	115
2423	102
2424	110
2425	104
2426	100
2427	111
2428	110
2429	97
2430	111
2431	105
2432	85
2433	107
2434	96
2435	108
2436	111
2437	105
2438	112
2439	104
2440	104
2441	107
2442	90
2443	97
2444	100
2445	114
2446	106
2447	104
2448	99
2449	90
2450	95
2451	86
2452	110
2453	104
2454	110
2455	111
2456	113
2457	107
2458	92
2459	96
2460	111
2461	97
2462	99
2463	111
2464	116
2465	119
2466	109
2467	100
2468	120
2469	97
2470	115
2471	102
2472	109
2473	115
2474	100
2475	99
2476	87
2477	95
2478	93
2479	81
2480	85
2481	101
2482	93
2483	103
2484	91
2485	83
2486	120
2487	106
2488	111
2489	88
2490	102
2491	88
2492	106
2493	94
2494	96
2495	115
2496	98
2497	90
2498	96
2499	101
2500	91
2501	99
2502	98
2503	93
2504	106
2505	101
2506	93
2507	89
2508	111
2509	88
2510	107
2511	104
2512	108
2513	97
2514	98
2515	112
2516	91
2517	84
2518	110
2519	109
2520	100
2521	83
2522	80
2523	109
2524	113
2525	91
2526	99
2527	118
2528	117
2529	78
2530	96
2531	98
2532	89
2533	95
2534	104
2535	100
2536	104
2537	89
2538	102
2539	92
2540	101
2541	91
2542	102
2543	89
2544	100
2545	107
2546	79
2547	93
2548	102
2549	103
2550	100
2551	106
2552	100
2553	102
2554	112
2555	97
2556	102
2557	105
2558	104
2559	93
2560	117
2561	107
2562	94
2563	105
2564	92
2565	127
2566	118
2567	93
2568	106
2569	92
2570	85
2571	99
2572	114
2573	97
2574	107
2575	103
2576	90
2577	86
2578	94
2579	89
2580	96
2581	95
2582	106
2583	95
2584	85
2585	107
2586	99
2587	112
2588	95
2589	108
2590	95
2591	103
2592	83
2593	99
2594	95
2595	104
2596	82
2597	93
2598	90
2599	93
2600	93
2601	94
2602	92
2603	92
2604	105
2605	87
2606	96
2607	95
2608	98
2609	100
2610	101
2611	108
2612	93
2613	103
2614	95
2615	102
2616	99
2617	105
2618	103
2619	97
2620	100
2621	92
2622	91
2623	82
2624	98
2625	94
2626	94
2627	113
2628	100
2629	87
2630	87
2631	96
2632	109
2633	96
2634	111
2635	97
2636	109
2637	103
2638	110
2639	98
2640	117
2641	90
2642	101
2643	97
2644	120
2645	109
2646	108
2647	92
2648	97
2649	103
2650	99
2651	122
2652	105
2653	98
2654	81
2655	118
2656	94
2657	120
2658	90
2659	92
2660	106
2661	117
2662	95
2663	93
2664	87
2665	108
2666	108
2667	117
2668	114
2669	107
2670	116
2671	109
2672	81
2673	98
2674	81
2675	94
2676	103
2677	113
2678	90
2679	99
2680	90
2681	105
2682	109
2683	104
2684	114
2685	87
2686	122
2687	123
2688	83
2689	91
2690	101
2691	98
2692	91
2693	101
2694	95
2695	88
2696	121
2697	111
2698	93
2699	109
2700	82
2701	93
2702	103
2703	106
2704	102
2705	94
2706	117
2707	112
2708	97
2709	121
2710	96
2711	111
2712	87
2713	97
2714	113
2715	98
2716	126
2717	86
2718	97
2719	93
2720	99
2721	92
2722	112
2723	96
2724	106
2725	109
2726	103
2727	112
2728	96
2729	99
2730	107
2731	86
2732	96
2733	106
2734	90
2735	112
2736	116
2737	85
2738	92
2739	107
2740	108
2741	90
2742	117
2743	74
2744	99
2745	98
2746	94
2747	87
2748	95
2749	113
2750	103
2751	100
2752	109
2753	100
2754	99
2755	95
2756	83
2757	108
2758	99
2759	95
2760	64
2761	108
2762	97
2763	113
2764	76
2765	97
2766	89
2767	102
2768	113
2769	103
2770	86
2771	101
2772	93
2773	94
2774	109
2775	102
2776	105
2777	85
2778	92
2779	101
2780	108
2781	93
2782	93
2783	103
2784	102
2785	99
2786	100
2787	115
2788	98
2789	122
2790	115
2791	100
2792	100
2793	97
2794	102
2795	92
2796	85
2797	101
2798	108
2799	92
2800	115
2801	91
2802	99
2803	85
2804	99
2805	93
2806	98
2807	102
2808	92
2809	117
2810	93
2811	95
2812	103
2813	106
2814	111
2815	107
2816	116
2817	91
2818	94
2819	94
2820	98
2821	114
2822	95
2823	87
2824	96
2825	91
2826	97
2827	101
2828	106
2829	92
2830	98
2831	101
2832	91
2833	100
2834	107
2835	88
2836	114
2837	93
2838	93
2839	109
2840	108
2841	115
2842	103
2843	84
2844	110
2845	107
2846	97
2847	91
2848	103
2849	104
2850	92
2851	113
2852	85
2853	92
2854	88
2855	100
2856	96
2857	104
2858	104
2859	93
2860	87
2861	102
2862	94
2863	94
2864	95
2865	88
2866	101
2867	96
2868	104
2869	104
2870	88
2871	101
2872	99
2873	97
2874	93
2875	104
2876	99
2877	94
2878	118
2879	96
2880	111
2881	89
2882	109
2883	98
2884	98
2885	78
2886	87
2887	91
2888	83
2889	115
2890	99
2891	102
2892	110
2893	95
2894	96
2895	107
2896	97
2897	93
2898	108
2899	83
2900	88
2901	89
2902	91
2903	101
2904	105
2905	100
2906	98
2907	108
2908	87
2909	93
2910	100
2911	105
2912	99
2913	104
2914	94
2915	120
2916	100
2917	96
2918	98
2919	104
2920	112
2921	93
2922	109
2923	102
2924	92
2925	119
2926	90
2927	109
2928	90
2929	89
2930	104
2931	80
2932	126
2933	101
2934	99
2935	99
2936	84
2937	111
2938	109
2939	85
2940	92
2941	93
2942	98
2943	96
2944	99
2945	115
2946	89
2947	100
2948	113
2949	94
2950	104
2951	92
2952	95
2953	94
2954	101
2955	96
2956	76
2957	100
2958	114
2959	89
2960	93
2961	104
2962	110
2963	105
2964	96
2965	97
2966	91
2967	94
2968	97
2969	100
2970	104
2971	105
2972	103
2973	99
2974	103
2975	92
2976	110
2977	100
2978	90
2979	99
2980	95
2981	122
2982	82
2983	108
2984	108
2985	100
2986	99
2987	84
2988	95
2989	117
2990	95
2991	109
2992	89
2993	110
2994	109
2995	108
2996	104
2997	98
2998	88
2999	97
3000	96
3001	104
3002	103
3003	97
3004	105
3005	110
3006	97
3007	124
3008	95
3009	96
3010	109
3011	94
3012	79
3013	94
3014	74
3015	88
3016	95
3017	92
3018	84
3019	102
3020	111
3021	79
3022	88
3023	98
3024	93
3025	91
3026	91
3027	87
3028	112
3029	98
3030	105
3031	89
3032	98
3033	104
3034	118
3035	111
3036	97
3037	109
3038	95
3039	88
3040	106
3041	103
3042	103
3043	102
3044	91
3045	85
3046	104
3047	83
3048	117
3049	95
3050	79
3051	102
3052	98
3053	95
3054	99
3055	84
3056	100
3057	99
3058	88
3059	101
3060	111
3061	96
3062	103
3063	108
3064	96
3065	100
3066	78
3067	84
3068	121
3069	114
3070	88
3071	107
3072	87
3073	120
3074	102
3075	105
3076	87
3077	116
3078	102
3079	111
3080	90
3081	79
3082	116
3083	107
3084	96
3085	107
3086	114
3087	66
3088	87
3089	87
3090	113
3091	100
3092	81
3093	103
3094	105
3095	93
3096	114
3097	106
3098	101
3099	94
3100	104
3101	100
3102	95
3103	104
3104	96
3105	82
3106	100
3107	106
3108	104
3109	109
3110	119
3111	104
3112	94
3113	93
3114	108
3115	111
3116	114
3117	96
3118	102
3119	100
3120	99
3121	102
3122	111
3123	116
3124	101
3125	100
3126	108
3127	84
3128	107
3129	85
3130	103
3131	86
3132	106
3133	100
3134	113
3135	110
3136	100
3137	109
3138	101
3139	99
3140	88
3141	91
3142	103
3143	92
3144	99
3145	92
3146	116
3147	101
3148	105
3149	106
3150	99
3151	88
3152	121
3153	99
3154	100
3155	112
3156	109
3157	110
3158	90
3159	101
3160	100
3161	96
3162	94
3163	92
3164	91
3165	95
3166	105
3167	113
3168	96
3169	102
3170	106
3171	112
3172	84
3173	103
3174	99
3175	92
3176	96
3177	124
3178	102
3179	86
3180	101
3181	93
3182	92
3183	107
3184	104
3185	114
3186	90
3187	92
3188	95
3189	92
3190	93
3191	105
3192	108
3193	98
3194	103
3195	106
3196	106
3197	104
3198	100
3199	99
3200	105
3201	98
3202	95
3203	116
3204	103
3205	102
3206	92
3207	130
3208	114
3209	101
3210	108
3211	107
3212	101
3213	113
3214	109
3215	104
3216	117
3217	100
3218	104
3219	96
3220	86
3221	95
3222	101
3223	86
3224	111
3225	99
3226	102
3227	98
3228	108
3229	103
3230	89
3231	96
3232	99
3233	99
3234	100
3235	83
3236	122
3237	94
3238	87
3239	114
3240	90
3241	105
3242	98
3243	97
3244	95
3245	100
3246	111
3247	92
3248	99
3249	96
3250	102
3251	84
3252	101
3253	104
3254	99
3255	94
3256	113
3257	120
3258	91
3259	109
3260	127
3261	107
3262	97
3263	93
3264	105
3265	79
3266	119
3267	91
3268	89
3269	115
3270	107
3271	123
3272	109
3273	113
3274	93
3275	71
3276	102
3277	102
3278	84
3279	108
3280	91
3281	101
3282	111
3283	116
3284	103
3285	91
3286	93
3287	98
3288	107
3289	94
3290	118
3291	90
3292	109
3293	100
3294	95
3295	90
3296	100
3297	95
3298	85
3299	99
3300	93
3301	99
3302	90
3303	98
3304	98
3305	96
3306	110
3307	116
3308	96
3309	105
3310	91
3311	109
3312	98
3313	110
3314	115
3315	115
3316	105
3317	112
3318	84
3319	94
3320	120
3321	111
3322	95
3323	104
3324	119
3325	93
3326	96
3327	98
3328	103
3329	97
3330	94
3331	108
3332	92
3333	115
3334	90
3335	94
3336	118
3337	84
3338	113
3339	92
3340	112
3341	99
3342	113
3343	104
3344	114
3345	105
3346	105
3347	93
3348	96
3349	96
3350	93
3351	119
3352	89
3353	109
3354	96
3355	97
3356	97
3357	108
3358	111
3359	98
3360	101
3361	117
3362	103
3363	97
3364	98
3365	92
3366	101
3367	98
3368	119
3369	109
3370	108
3371	102
3372	94
3373	107
3374	99
3375	91
3376	92
3377	107
3378	105
3379	103
3380	113
3381	107
3382	83
3383	92
3384	93
3385	101
3386	111
3387	74
3388	97
3389	105
3390	99
3391	122
3392	115
3393	88
3394	95
3395	107
3396	99
3397	105
3398	100
3399	94
3400	107
3401	116
3402	115
3403	114
3404	113
3405	99
3406	90
3407	102
3408	111
3409	104
3410	100
3411	110
3412	81
3413	115
3414	100
3415	105
3416	110
3417	102
3418	91
3419	91
3420	90
3421	108
3422	92
3423	91
3424	101
3425	100
3426	95
3427	89
3428	109
3429	99
3430	119
3431	108
3432	102
3433	95
3434	98
3435	102
3436	93
3437	104
3438	112
3439	117
3440	107
3441	104
3442	96
3443	94
3444	101
3445	96
3446	103
3447	95
3448	99
3449	93
3450	98
3451	70
3452	92
3453	95
3454	107
3455	119
3456	108
3457	107
3458	89
3459	87
3460	97
3461	94
3462	112
3463	96
3464	97
3465	113
3466	107
3467	88
3468	97
3469	92
3470	88
3471	107
3472	107
3473	89
3474	84
3475	104
3476	98
3477	91
3478	118
3479	110
3480	100
3481	98
3482	79
3483	96
3484	126
3485	98
3486	100
3487	69
3488	103
3489	97
3490	99
3491	98
3492	86
3493	93
3494	100
3495	103
3496	106
3497	101
3498	106
3499	105
3500	110
3501	105
3502	117
3503	113
3504	110
3505	95
3506	95
3507	96
3508	101
3509	91
3510	92
3511	89
3512	94
3513	98
3514	92
3515	113
3516	96
3517	111
3518	101
3519	94
3520	86
3521	92
3522	96
3523	115
3524	102
3525	99
3526	94
3527	105
3528	108
3529	105
3530	99
3531	94
3532	105
3533	91
3534	103
3535	107
3536	114
3537	106
3538	111
3539	108
3540	96
3541	103
3542	105
3543	105
3544	102
3545	121
3546	104
3547	91
3548	99
3549	104
3550	107
3551	125
3552	112
3553	102
3554	101
3555	107
3556	109
3557	94
3558	107
3559	91
3560	100
3561	110
3562	94
3563	108
3564	96
3565	90
3566	104
3567	106
3568	108
3569	94
3570	86
3571	94
3572	89
3573	99
3574	99
3575	97
3576	109
3577	90
3578	99
3579	95
3580	99
3581	93
3582	98
3583	109
3584	82
3585	91
3586	93
3587	85
3588	107
3589	110
3590	95
3591	124
3592	90
3593	115
3594	126
3595	101
3596	94
3597	105
3598	93
3599	96
3600	102
3601	106
3602	100
3603	114
3604	102
3605	121
3606	94
3607	107
3608	106
3609	93
3610	93
3611	104
3612	91
3613	104
3614	112
3615	103
3616	92
3617	105
3618	109
3619	79
3620	99
3621	112
3622	87
3623	110
3624	94
3625	97
3626	117
3627	102
3628	103
3629	113
3630	102
3631	106
3632	102
3633	90
3634	103
3635	91
3636	110
3637	106
3638	92
3639	95
3640	105
3641	105
3642	90
3643	89
3644	121
3645	98
3646	112
3647	103
3648	98
3649	71
3650	81
3651	110
3652	114
3653	106
3654	122
3655	108
3656	100
3657	113
3658	96
3659	90
3660	103
3661	101
3662	111
3663	87
3664	106
3665	114
3666	92
3667	104
3668	97
3669	95
3670	85
3671	103
3672	101
3673	103
3674	107
3675	89
3676	94
3677	90
3678	78
3679	86
3680	104
3681	106
3682	98
3683	109
3684	110
3685	81
3686	91
3687	105
3688	117
3689	103
3690	92
3691	104
3692	116
3693	86
3694	94
3695	112
3696	96
3697	103
3698	94
3699	74
3700	106
3701	108
3702	97
3703	110
3704	96
3705	101
3706	98
3707	94
3708	96
3709	117
3710	93
3711	111
3712	101
3713	97
3714	111
3715	129
3716	109
3717	101
3718	90
3719	105
3720	105
3721	104
3722	97
3723	111
3724	105
3725	92
3726	109
3727	103
3728	105
3729	111
3730	115
3731	107
3732	109
3733	99
3734	122
3735	88
3736	90
3737	121
3738	103
3739	104
3740	94
3741	83
3742	98
3743	114
3744	92
3745	104
3746	90
3747	121
3748	94
3749	107
3750	90
3751	103
3752	90
3753	101
3754	91
3755	93
3756	103
3757	93
3758	79
3759	105
3760	98
3761	105
3762	102
3763	103
3764	95
3765	125
3766	85
3767	108
3768	108
3769	94
3770	109
3771	89
3772	96
3773	83
3774	87
3775	97
3776	101
3777	96
3778	93
3779	107
3780	109
3781	110
3782	118
3783	105
3784	108
3785	109
3786	82
3787	87
3788	92
3789	79
3790	102
3791	104
3792	101
3793	114
3794	120
3795	110
3796	93
3797	110
3798	93
3799	111
3800	102
3801	98
3802	109
3803	113
3804	97
3805	92
3806	83
3807	109
3808	106
3809	97
3810	117
3811	91
3812	89
3813	104
3814	98
3815	118
3816	102
3817	101
3818	94
3819	92
3820	95
3821	84
3822	94
3823	91
3824	82
3825	98
3826	100
3827	98
3828	101
3829	104
3830	110
3831	103
3832	93
3833	81
3834	110
3835	106
3836	101
3837	115
3838	97
3839	96
3840	97
3841	79
3842	99
3843	97
3844	84
3845	95
3846	90
3847	96
3848	91
3849	98
3850	112
3851	99
3852	95
3853	98
3854	95
3855	113
3856	94
3857	112
3858	99
3859	94
3860	103
3861	113
3862	97
3863	91
3864	96
3865	111
3866	104
3867	91
3868	97
3869	93
3870	100
3871	84
3872	84
3873	98
3874	99
3875	94
3876	104
3877	106
3878	96
3879	86
3880	97
3881	95
3882	85
3883	84
3884	99
3885	93
3886	115
3887	91
3888	102
3889	107
3890	96
3891	104
3892	101
3893	96
3894	109
3895	92
3896	108
3897	109
3898	110
3899	84
3900	100
3901	101
3902	112
3903	82
3904	95
3905	90
3906	103
3907	97
3908	79
3909	105
3910	78
3911	110
3912	95
3913	81
3914	86
3915	106
3916	92
3917	105
3918	104
3919	95
3920	106
3921	104
3922	106
3923	107
3924	108
3925	98
3926	98
3927	94
3928	90
3929	97
3930	92
3931	95
3932	94
3933	95
3934	111
3935	101
3936	109
3937	110
3938	94
3939	103
3940	104
3941	98
3942	109
3943	89
3944	88
3945	89
3946	106
3947	96
3948	106
3949	117
3950	83
3951	84
3952	109
3953	96
3954	93
3955	92
3956	118
3957	120
3958	107
3959	85
3960	83
3961	97
3962	89
3963	91
3964	97
3965	104
3966	98
3967	102
3968	106
3969	103
3970	101
3971	99
3972	110
3973	102
3974	84
3975	90
3976	85
3977	102
3978	98
3979	90
3980	104
3981	108
3982	106
3983	103
3984	107
3985	111
3986	107
3987	100
3988	80
3989	96
3990	86
3991	103
3992	110
3993	104
3994	97
3995	99
3996	97
3997	101
3998	111
3999	107
4000	109
4001	101
4002	97
4003	100
4004	108
4005	109
4006	89
4007	109
4008	96
4009	90
4010	67
4011	81
4012	115
4013	107
4014	86
4015	92
4016	90
4017	90
4018	107
4019	111
4020	104
4021	111
4022	90
4023	98
4024	96
4025	108
4026	109
4027	114
4028	104
4029	97
4030	107
4031	86
4032	118
4033	115
4034	95
4035	104
4036	90
4037	97
4038	109
4039	123
4040	105
4041	83
4042	94
4043	103
4044	102
4045	88
4046	106
4047	99
4048	116
4049	111
4050	104
4051	108
4052	119
4053	107
4054	95
4055	112
4056	105
4057	95
4058	95
4059	87
4060	101
4061	111
4062	129
4063	108
4064	101
4065	90
4066	116
4067	98
4068	90
4069	103
4070	89
4071	97
4072	117
4073	89
4074	113
4075	97
4076	85
4077	97
4078	98
4079	89
4080	102
4081	111
4082	83
4083	83
4084	106
4085	83
4086	107
4087	101
4088	106
4089	104
4090	98
4091	98
4092	106
4093	103
4094	101
4095	111
4096	91
4097	96
4098	93
4099	91
4100	90
4101	98
4102	98
4103	104
4104	104
4105	96
4106	102
4107	100
4108	115
4109	114
4110	108
4111	81
4112	111
4113	116
4114	99
4115	107
4116	123
4117	94
4118	92
4119	110
4120	86
4121	102
4122	72
4123	97
4124	93
4125	80
4126	87
4127	107
4128	97
4129	112
4130	99
4131	85
4132	87
4133	89
4134	110
4135	119
4136	104
4137	99
4138	105
4139	92
4140	119
4141	92
4142	104
4143	101
4144	85
4145	115
4146	110
4147	94
4148	85
4149	102
4150	105
4151	111
4152	112
4153	92
4154	114
4155	102
4156	95
4157	106
4158	111
4159	118
4160	113
4161	93
4162	104
4163	114
4164	97
4165	104
4166	102
4167	114
4168	102
4169	104
4170	85
4171	103
4172	110
4173	100
4174	119
4175	89
4176	89
4177	90
4178	111
4179	81
4180	91
4181	88
4182	107
4183	105
4184	95
4185	98
4186	108
4187	105
4188	99
4189	91
4190	103
4191	121
4192	96
4193	97
4194	103
4195	123
4196	113
4197	90
4198	94
4199	86
4200	94
4201	90
4202	98
4203	115
4204	107
4205	103
4206	100
4207	112
4208	89
4209	96
4210	108
4211	105
4212	112
4213	91
4214	102
4215	96
4216	117
4217	100
4218	114
4219	77
4220	79
4221	113
4222	103
4223	98
4224	118
4225	93
4226	90
4227	108
4228	96
4229	111
4230	100
4231	85
4232	92
4233	111
4234	96
4235	98
4236	111
4237	94
4238	102
4239	101
4240	110
4241	107
4242	104
4243	87
4244	102
4245	123
4246	112
4247	93
4248	93
4249	95
4250	96
4251	77
4252	102
4253	83
4254	112
4255	85
4256	117
4257	109
4258	102
4259	95
4260	105
4261	93
4262	96
4263	97
4264	90
4265	89
4266	106
4267	88
4268	106
4269	105
4270	98
4271	102
4272	86
4273	113
4274	108
4275	98
4276	85
4277	105
4278	82
4279	95
4280	96
4281	105
4282	105
4283	112
4284	100
4285	102
4286	88
4287	110
4288	96
4289	106
4290	75
4291	97
4292	90
4293	117
4294	119
4295	106
4296	87
4297	101
4298	104
4299	89
4300	102
4301	113
4302	110
4303	108
4304	93
4305	104
4306	108
4307	98
4308	94
4309	100
4310	99
4311	108
4312	119
4313	115
4314	114
4315	111
4316	108
4317	112
4318	92
4319	112
4320	102
4321	100
4322	118
4323	88
4324	106
4325	102
4326	93
4327	104
4328	117
4329	95
4330	107
4331	92
4332	96
4333	99
4334	104
4335	116
4336	99
4337	94
4338	108
4339	88
4340	105
4341	102
4342	99
4343	114
4344	112
4345	87
4346	106
4347	107
4348	104
4349	85
4350	118
4351	120
4352	107
4353	108
4354	84
4355	76
4356	95
4357	111
4358	88
4359	113
4360	104
4361	103
4362	105
4363	98
4364	103
4365	95
4366	104
4367	107
4368	91
4369	107
4370	94
4371	97
4372	88
4373	96
4374	106
4375	102
4376	91
4377	103
4378	100
4379	87
4380	94
4381	108
4382	92
4383	101
4384	101
4385	99
4386	98
4387	126
4388	110
4389	93
4390	82
4391	101
4392	94
4393	116
4394	79
4395	79
4396	91
4397	82
4398	104
4399	104
4400	91
4401	103
4402	100
4403	99
4404	93
4405	94
4406	107
4407	100
4408	93
4409	103
4410	107
4411	98
4412	93
4413	106
4414	110
4415	105
4416	93
4417	101
4418	96
4419	99
4420	107
4421	109
4422	104
4423	121
4424	98
4425	105
4426	102
4427	87
4428	94
4429	82
4430	82
4431	95
4432	111
4433	110
4434	110
4435	105
4436	97
4437	99
4438	94
4439	96
4440	91
4441	109
4442	94
4443	111
4444	91
4445	115
4446	117
4447	98
4448	102
4449	95
4450	111
4451	100
4452	120
4453	101
4454	79
4455	96
4456	90
4457	110
4458	112
4459	90
4460	101
4461	102
4462	98
4463	99
4464	94
4465	89
4466	95
4467	104
4468	99
4469	99
4470	92
4471	103
4472	90
4473	94
4474	102
4475	115
4476	86
4477	98
4478	97
4479	109
4480	91
4481	98
4482	83
4483	104
4484	105
4485	94
4486	97
4487	94
4488	113
4489	105
4490	108
4491	93
4492	92
4493	101
4494	108
4495	96
4496	106
4497	103
4498	127
4499	100
4500	99
4501	100
4502	106
4503	107
4504	101
4505	87
4506	107
4507	103
4508	92
4509	96
4510	98
4511	103
4512	104
4513	87
4514	97
4515	96
4516	106
4517	108
4518	94
4519	89
4520	89
4521	98
4522	102
4523	123
4524	103
4525	106
4526	93
4527	97
4528	97
4529	119
4530	105
4531	104
4532	118
4533	86
4534	98
4535	94
4536	111
4537	100
4538	119
4539	86
4540	119
4541	98
4542	102
4543	103
4544	107
4545	97
4546	115
4547	112
4548	98
4549	105
4550	103
4551	120
4552	86
4553	109
4554	101
4555	108
4556	97
4557	103
4558	109
4559	113
4560	121
4561	75
4562	108
4563	94
4564	97
4565	109
4566	91
4567	114
4568	98
4569	104
4570	93
4571	90
4572	101
4573	104
4574	103
4575	66
4576	89
4577	104
4578	102
4579	105
4580	88
4581	80
4582	111
4583	102
4584	110
4585	127
4586	100
4587	91
4588	101
4589	94
4590	108
4591	132
4592	105
4593	80
4594	102
4595	109
4596	112
4597	76
4598	84
4599	100
4600	103
4601	108
4602	100
4603	106
4604	90
4605	92
4606	111
4607	94
4608	90
4609	114
4610	110
4611	111
4612	114
4613	103
4614	82
4615	98
4616	89
4617	97
4618	91
4619	104
4620	98
4621	98
4622	96
4623	89
4624	113
4625	98
4626	98
4627	103
4628	96
4629	85
4630	92
4631	121
4632	101
4633	89
4634	101
4635	111
4636	93
4637	87
4638	103
4639	104
4640	105
4641	102
4642	89
4643	89
4644	98
4645	103
4646	89
4647	109
4648	105
4649	114
4650	104
4651	83
4652	101
4653	104
4654	107
4655	120
4656	88
4657	105
4658	102
4659	87
4660	96
4661	96
4662	98
4663	96
4664	93
4665	98
4666	100
4667	97
4668	98
4669	97
4670	97
4671	114
4672	120
4673	108
4674	104
4675	109
4676	107
4677	94
4678	90
4679	84
4680	94
4681	104
4682	99
4683	100
4684	98
4685	113
4686	92
4687	109
4688	98
4689	99
4690	104
4691	112
4692	104
4693	115
4694	106
4695	85
4696	92
4697	92
4698	92
4699	111
4700	103
4701	94
4702	94
4703	102
4704	94
4705	109
4706	89
4707	95
4708	103
4709	116
4710	93
4711	83
4712	103
4713	91
4714	98
4715	114
4716	121
4717	125
4718	127
4719	115
4720	95
4721	109
4722	95
4723	92
4724	108
4725	103
4726	110
4727	96
4728	103
4729	96
4730	103
4731	96
4732	109
4733	93
4734	96
4735	106
4736	88
4737	100
4738	116
4739	119
4740	105
4741	99
4742	85
4743	85
4744	104
4745	91
4746	87
4747	103
4748	90
4749	101
4750	88
4751	97
4752	98
4753	96
4754	110
4755	105
4756	99
4757	110
4758	103
4759	91
4760	98
4761	89
4762	111
4763	109
4764	108
4765	106
4766	95
4767	93
4768	110
4769	102
4770	96
4771	96
4772	91
4773	109
4774	101
4775	99
4776	106
4777	100
4778	98
4779	102
4780	90
4781	112
4782	92
4783	102
4784	101
4785	95
4786	95
4787	93
4788	100
4789	103
4790	98
4791	95
4792	98
4793	90
4794	119
4795	110
4796	93
4797	105
4798	120
4799	103
4800	101
4801	104
4802	88
4803	98
4804	103
4805	83
4806	88
4807	117
4808	107
4809	109
4810	105
4811	106
4812	112
4813	95
4814	96
4815	108
4816	113
4817	108
4818	97
4819	101
4820	92
4821	98
4822	111
4823	104
4824	88
4825	102
4826	92
4827	98
4828	100
4829	106
4830	112
4831	91
4832	126
4833	105
4834	89
4835	91
4836	118
4837	84
4838	101
4839	98
4840	106
4841	104
4842	101
4843	99
4844	103
4845	113
4846	104
4847	93
4848	107
4849	81
4850	103
4851	109
4852	102
4853	118
4854	100
4855	94
4856	84
4857	87
4858	102
4859	114
4860	99
4861	93
4862	95
4863	104
4864	105
4865	115
4866	108
4867	114
4868	108
4869	102
4870	95
4871	92
4872	99
4873	97
4874	96
4875	91
4876	106
4877	104
4878	89
4879	93
4880	98
4881	96
4882	100
4883	100
4884	87
4885	94
4886	95
4887	113
4888	95
4889	109
4890	98
4891	108
4892	94
4893	85
4894	97
4895	102
4896	104
4897	95
4898	102
4899	102
4900	101
4901	89
4902	87
4903	104
4904	92
4905	95
4906	110
4907	108
4908	91
4909	104
4910	103
4911	103
4912	95
4913	108
4914	106
4915	92
4916	90
4917	73
4918	110
4919	109
4920	96
4921	94
4922	115
4923	114
4924	101
4925	100
4926	109
4927	100
4928	122
4929	88
4930	104
4931	95
4932	94
4933	114
4934	96
4935	107
4936	97
4937	121
4938	113
4939	111
4940	98
4941	90
4942	107
4943	106
4944	111
4945	90
4946	98
4947	94
4948	117
4949	99
4950	109
4951	100
4952	99
4953	110
4954	97
4955	99
4956	98
4957	100
4958	115
4959	86
4960	110
4961	95
4962	79
4963	85
4964	99
4965	101
4966	102
4967	91
4968	101
4969	92
4970	100
4971	99
4972	102
4973	92
4974	100
4975	84
4976	107
4977	94
4978	87
4979	105
4980	85
4981	99
4982	88
4983	106
4984	100
4985	95
4986	113
4987	94
4988	101
4989	101
4990	111
4991	108
4992	104
4993	109
4994	105
4995	95
4996	107
4997	81
4998	120
4999	96
5000	99
5001	93
5002	110
5003	83
5004	102
5005	95
5006	109
5007	109
5008	109
5009	108
5010	95
5011	103
5012	83
5013	97
5014	95
5015	106
5016	104
5017	103
5018	96
5019	86
5020	104
5021	88
5022	106
5023	105
5024	96
5025	98
5026	116
5027	89
5028	96
5029	93
5030	96
5031	100
5032	107
5033	107
5034	98
5035	94
5036	100
5037	119
5038	105
5039	96
5040	121
5041	106
5042	113
5043	100
5044	93
5045	95
5046	104
5047	98
5048	108
5049	98
5050	100
5051	84
5052	91
5053	121
5054	128
5055	86
5056	98
5057	78
5058	104
5059	101
5060	96
5061	80
5062	104
5063	98
5064	97
5065	95
5066	103
5067	95
5068	99
5069	109
5070	95
5071	105
5072	95
5073	102
5074	92
5075	109
5076	111
5077	99
5078	115
5079	83
5080	115
5081	104
5082	91
5083	121
5084	94
5085	111
5086	114
5087	98
5088	95
5089	97
5090	73
5091	88
5092	102
5093	104
5094	107
5095	97
5096	103
5097	110
5098	95
5099	99
5100	104
5101	117
5102	93
5103	99
5104	98
5105	101
5106	105
5107	90
5108	98
5109	99
5110	105
5111	95
5112	113
5113	90
5114	104
5115	90
5116	100
5117	93
5118	122
5119	93
5120	112
5121	109
5122	104
5123	90
5124	95
5125	91
5126	109
5127	93
5128	109
5129	93
5130	110
5131	93
5132	99
5133	108
5134	105
5135	99
5136	95
5137	100
5138	98
5139	106
5140	111
5141	103
5142	91
5143	88
5144	77
5145	103
5146	102
5147	105
5148	111
5149	112
5150	102
5151	109
5152	106
5153	104
5154	116
5155	92
5156	97
5157	100
5158	113
5159	106
5160	95
5161	102
5162	110
5163	119
5164	108
5165	85
5166	116
5167	99
5168	98
5169	102
5170	84
5171	109
5172	93
5173	98
5174	85
5175	95
5176	88
5177	108
5178	101
5179	102
5180	101
5181	102
5182	91
5183	101
5184	102
5185	99
5186	122
5187	97
5188	101
5189	109
5190	115
5191	78
5192	89
5193	88
5194	115
5195	91
5196	105
5197	99
5198	100
5199	87
5200	101
5201	102
5202	97
5203	86
5204	89
5205	98
5206	113
5207	104
5208	95
5209	101
5210	108
5211	106
5212	101
5213	90
5214	111
5215	111
5216	98
5217	108
5218	94
5219	103
5220	98
5221	99
5222	111
5223	93
5224	107
5225	105
5226	102
5227	91
5228	105
5229	103
5230	98
5231	100
5232	101
5233	85
5234	112
5235	93
5236	77
5237	93
5238	106
5239	110
5240	113
5241	86
5242	90
5243	73
5244	89
5245	104
5246	78
5247	97
5248	102
5249	98
5250	89
5251	97
5252	90
5253	103
5254	107
5255	93
5256	90
5257	111
5258	111
5259	105
5260	102
5261	104
5262	88
5263	101
5264	115
5265	93
5266	101
5267	105
5268	106
5269	105
5270	100
5271	116
5272	105
5273	101
5274	96
5275	109
5276	107
5277	86
5278	119
5279	101
5280	96
5281	103
5282	111
5283	92
5284	124
5285	98
5286	106
5287	100
5288	82
5289	100
5290	113
5291	94
5292	102
5293	95
5294	106
5295	97
5296	120
5297	106
5298	105
5299	114
5300	105
5301	92
5302	132
5303	99
5304	114
5305	84
5306	107
5307	105
5308	88
5309	85
5310	98
5311	120
5312	97
5313	106
5314	107
5315	99
5316	124
5317	102
5318	101
5319	104
5320	90
5321	93
5322	75
5323	100
5324	100
5325	110
5326	109
5327	90
5328	108
5329	90
5330	105
5331	112
5332	93
5333	103
5334	95
5335	100
5336	91
5337	113
5338	111
5339	108
5340	96
5341	114
5342	108
5343	89
5344	77
5345	109
5346	105
5347	119
5348	107
5349	103
5350	99
5351	96
5352	115
5353	86
5354	105
5355	106
5356	93
5357	118
5358	106
5359	97
5360	107
5361	96
5362	103
5363	83
5364	89
5365	94
5366	95
5367	103
5368	108
5369	121
5370	110
5371	96
5372	108
5373	97
5374	109
5375	97
5376	93
5377	109
5378	94
5379	110
5380	91
5381	101
5382	99
5383	86
5384	90
5385	108
5386	101
5387	88
5388	102
5389	87
5390	106
5391	113
5392	100
5393	94
5394	111
5395	103
5396	95
5397	93
5398	113
5399	103
5400	92
5401	108
5402	103
5403	111
5404	79
5405	94
5406	102
5407	91
5408	110
5409	107
5410	105
5411	119
5412	101
5413	98
5414	115
5415	99
5416	103
5417	104
5418	101
5419	104
5420	77
5421	93
5422	107
5423	93
5424	85
5425	82
5426	98
5427	90
5428	96
5429	93
5430	106
5431	120
5432	105
5433	85
5434	102
5435	100
5436	109
5437	79
5438	108
5439	121
5440	88
5441	112
5442	102
5443	106
5444	99
5445	85
5446	98
5447	93
5448	87
5449	95
5450	100
5451	119
5452	90
5453	99
5454	92
5455	90
5456	97
5457	96
5458	108
5459	83
5460	94
5461	96
5462	109
5463	128
5464	107
5465	95
5466	101
5467	97
5468	90
5469	100
5470	98
5471	98
5472	93
5473	87
5474	87
5475	86
5476	99
5477	86
5478	105
5479	95
5480	104
5481	84
5482	95
5483	94
5484	120
5485	107
5486	100
5487	103
5488	121
5489	113
5490	110
5491	109
5492	106
5493	106
5494	97
5495	96
5496	104
5497	95
5498	104
5499	102
5500	96
5501	110
5502	99
5503	87
5504	86
5505	92
5506	118
5507	100
5508	118
5509	85
5510	113
5511	119
5512	83
5513	86
5514	98
5515	109
5516	123
5517	97
5518	95
5519	86
5520	104
5521	102
5522	99
5523	107
5524	119
5525	83
5526	89
5527	103
5528	101
5529	102
5530	99
5531	95
5532	93
5533	81
5534	97
5535	106
5536	95
5537	119
5538	102
5539	106
5540	87
5541	101
5542	102
5543	101
5544	112
5545	102
5546	107
5547	111
5548	109
5549	94
5550	114
5551	98
5552	109
5553	87
5554	102
5555	112
5556	98
5557	114
5558	108
5559	97
5560	90
5561	98
5562	107
5563	113
5564	95
5565	88
5566	118
5567	96
5568	106
5569	102
5570	108
5571	105
5572	105
5573	98
5574	112
5575	84
5576	91
5577	118
5578	101
5579	115
5580	90
5581	91
5582	111
5583	96
5584	119
5585	107
5586	98
5587	109
5588	104
5589	95
5590	79
5591	90
5592	94
5593	93
5594	93
5595	80
5596	79
5597	92
5598	104
5599	100
5600	100
5601	96
5602	112
5603	86
5604	104
5605	85
5606	95
5607	82
5608	91
5609	92
5610	88
5611	105
5612	100
5613	87
5614	101
5615	120
5616	92
5617	106
5618	89
5619	106
5620	86
5621	97
5622	109
5623	110
5624	92
5625	73
5626	98
5627	99
5628	92
5629	87
5630	103
5631	97
5632	106
5633	82
5634	86
5635	86
5636	103
5637	103
5638	103
5639	110
5640	112
5641	111
5642	101
5643	103
5644	97
5645	105
5646	120
5647	93
5648	89
5649	93
5650	105
5651	108
5652	99
5653	97
5654	106
5655	106
5656	91
5657	101
5658	98
5659	98
5660	92
5661	106
5662	101
5663	95
5664	98
5665	110
5666	93
5667	96
5668	97
5669	98
5670	79
5671	92
5672	89
5673	107
5674	91
5675	102
5676	90
5677	90
5678	104
5679	110
5680	93
5681	106
5682	116
5683	109
5684	106
5685	92
5686	78
5687	116
5688	99
5689	102
5690	99
5691	92
5692	91
5693	102
5694	94
5695	116
5696	84
5697	109
5698	89
5699	92
5700	112
5701	92
5702	106
5703	92
5704	105
5705	96
5706	87
5707	93
5708	104
5709	99
5710	106
5711	87
5712	93
5713	113
5714	104
5715	108
5716	90
5717	96
5718	100
5719	117
5720	95
5721	107
5722	97
5723	103
5724	110
5725	90
5726	96
5727	108
5728	93
5729	87
5730	110
5731	100
5732	110
5733	109
5734	98
5735	101
5736	105
5737	86
5738	113
5739	110
5740	114
5741	106
5742	103
5743	100
5744	100
5745	101
5746	87
5747	110
5748	95
5749	96
5750	114
5751	111
5752	87
5753	82
5754	115
5755	89
5756	94
5757	113
5758	106
5759	98
5760	105
5761	87
5762	86
5763	101
5764	84
5765	100
5766	105
5767	91
5768	104
5769	102
5770	97
5771	109
5772	93
5773	108
5774	119
5775	101
5776	89
5777	92
5778	93
5779	81
5780	111
5781	93
5782	108
5783	110
5784	91
5785	91
5786	115
5787	99
5788	100
5789	98
5790	108
5791	98
5792	80
5793	88
5794	98
5795	107
5796	125
5797	103
5798	102
5799	95
5800	100
5801	84
5802	98
5803	110
5804	106
5805	88
5806	115
5807	94
5808	111
5809	105
5810	100
5811	111
5812	93
5813	96
5814	100
5815	126
5816	99
5817	111
5818	100
5819	111
5820	98
5821	111
5822	92
5823	86
5824	108
5825	112
5826	99
5827	110
5828	100
5829	104
5830	114
5831	105
5832	85
5833	99
5834	105
5835	110
5836	92
5837	109
5838	79
5839	98
5840	114
5841	100
5842	96
5843	87
5844	100
5845	101
5846	79
5847	83
5848	108
5849	106
5850	94
5851	98
5852	86
5853	87
5854	90
5855	127
5856	88
5857	103
5858	87
5859	73
5860	94
5861	111
5862	106
5863	131
5864	98
5865	106
5866	109
5867	107
5868	95
5869	85
5870	106
5871	94
5872	90
5873	100
5874	94
5875	111
5876	94
5877	95
5878	83
5879	96
5880	75
5881	96
5882	84
5883	84
5884	105
5885	116
5886	90
5887	101
5888	105
5889	89
5890	92
5891	102
5892	83
5893	101
5894	92
5895	89
5896	94
5897	105
5898	93
5899	89
5900	88
5901	107
5902	95
5903	93
5904	87
5905	119
5906	105
5907	111
5908	95
5909	89
5910	104
5911	79
5912	91
5913	112
5914	88
5915	86
5916	105
5917	82
5918	82
5919	122
5920	93
5921	116
5922	83
5923	89
5924	104
5925	109
5926	117
5927	93
5928	92
5929	96
5930	95
5931	119
5932	112
5933	103
5934	86
5935	88
5936	121
5937	102
5938	96
5939	101
5940	88
5941	87
5942	96
5943	106
5944	104
5945	78
5946	99
5947	118
5948	86
5949	88
5950	108
5951	91
5952	116
5953	88
5954	113
5955	99
5956	109
5957	90
5958	102
5959	102
5960	89
5961	84
5962	107
5963	89
5964	104
5965	94
5966	81
5967	99
5968	99
5969	90
5970	98
5971	116
5972	109
5973	93
5974	104
5975	111
5976	88
5977	90
5978	102
5979	109
5980	94
5981	109
5982	100
5983	115
5984	90
5985	106
5986	113
5987	99
5988	88
5989	95
5990	113
5991	97
5992	104
5993	104
5994	97
5995	87
5996	100
5997	104
5998	99
5999	102
6000	96
6001	101
6002	94
6003	102
6004	98
6005	102
6006	99
6007	101
6008	100
6009	106
6010	100
6011	100
6012	88
6013	98
6014	98
6015	105
6016	93
6017	92
6018	88
6019	85
6020	82
6021	96
6022	95
6023	102
6024	107
6025	102
6026	91
6027	97
6028	107
6029	77
6030	93
6031	107
6032	104
6033	96
6034	93
6035	108
6036	113
6037	94
6038	89
6039	98
6040	101
6041	98
6042	108
6043	118
6044	98
6045	103
6046	86
6047	100
6048	102
6049	92
6050	86
6051	94
6052	108
6053	88
6054	85
6055	122
6056	95
6057	131
6058	94
6059	115
6060	99
6061	100
6062	99
6063	113
6064	102
6065	91
6066	103
6067	104
6068	107
6069	105
6070	110
6071	77
6072	98
6073	99
6074	109
6075	108
6076	102
6077	89
6078	109
6079	87
6080	106
6081	76
6082	105
6083	108
6084	110
6085	110
6086	94
6087	101
6088	114
6089	93
6090	99
6091	101
6092	97
6093	114
6094	97
6095	86
6096	113
6097	124
6098	112
6099	114
6100	114
6101	95
6102	88
6103	90
6104	91
6105	106
6106	105
6107	110
6108	86
6109	109
6110	95
6111	106
6112	115
6113	109
6114	96
6115	95
6116	121
6117	98
6118	107
6119	107
6120	107
6121	103
6122	112
6123	101
6124	99
6125	115
6126	93
6127	116
6128	102
6129	81
6130	94
6131	100
6132	102
6133	86
6134	101
6135	91
6136	104
6137	108
6138	102
6139	113
6140	104
6141	102
6142	92
6143	99
6144	87
6145	97
6146	91
6147	94
6148	84
6149	85
6150	91
6151	111
6152	105
6153	108
6154	99
6155	104
6156	109
6157	97
6158	101
6159	100
6160	93
6161	105
6162	98
6163	105
6164	100
6165	93
6166	107
6167	96
6168	99
6169	91
6170	109
6171	90
6172	85
6173	100
6174	110
6175	99
6176	87
6177	100
6178	94
6179	97
6180	115
6181	107
6182	91
6183	90
6184	108
6185	103
6186	108
6187	101
6188	117
6189	103
6190	125
6191	97
6192	120
6193	110
6194	87
6195	97
6196	101
6197	99
6198	93
6199	105
6200	96
6201	94
6202	98
6203	102
6204	87
6205	94
6206	107
6207	97
6208	94
6209	96
6210	90
6211	92
6212	90
6213	79
6214	97
6215	111
6216	117
6217	109
6218	94
6219	105
6220	109
6221	99
6222	96
6223	99
6224	113
6225	107
6226	106
6227	107
6228	84
6229	91
6230	90
6231	87
6232	94
6233	86
6234	89
6235	89
6236	111
6237	106
6238	96
6239	106
6240	92
6241	107
6242	102
6243	98
6244	110
6245	110
6246	98
6247	110
6248	76
6249	95
6250	102
6251	89
6252	80
6253	103
6254	104
6255	93
6256	94
6257	123
6258	101
6259	102
6260	92
6261	114
6262	96
6263	88
6264	105
6265	89
6266	127
6267	97
6268	94
6269	95
6270	117
6271	103
6272	95
6273	98
6274	95
6275	107
6276	101
6277	83
6278	113
6279	93
6280	111
6281	126
6282	107
6283	90
6284	80
6285	105
6286	100
6287	93
6288	107
6289	96
6290	97
6291	99
6292	105
6293	93
6294	95
6295	97
6296	102
6297	97
6298	98
6299	104
6300	114
6301	91
6302	93
6303	94
6304	112
6305	93
6306	86
6307	93
6308	67
6309	96
6310	100
6311	111
6312	107
6313	103
6314	80
6315	107
6316	86
6317	115
6318	102
6319	107
6320	89
6321	97
6322	91
6323	85
6324	104
6325	115
6326	81
6327	112
6328	91
6329	102
6330	105
6331	95
6332	105
6333	107
6334	92
6335	113
6336	98
6337	100
6338	134
6339	80
6340	106
6341	100
6342	93
6343	101
6344	110
6345	128
6346	90
6347	96
6348	100
6349	94
6350	96
6351	89
6352	121
6353	102
6354	103
6355	98
6356	91
6357	110
6358	111
6359	100
6360	104
6361	104
6362	103
6363	74
6364	105
6365	102
6366	87
6367	101
6368	92
6369	87
6370	98
6371	101
6372	118
6373	103
6374	104
6375	111
6376	103
6377	107
6378	105
6379	108
6380	92
6381	99
6382	99
6383	102
6384	101
6385	107
6386	96
6387	83
6388	108
6389	103
6390	80
6391	86
6392	108
6393	105
6394	97
6395	100
6396	98
6397	90
6398	111
6399	116
6400	81
6401	101
6402	107
6403	97
6404	100
6405	94
6406	102
6407	98
6408	95
6409	94
6410	97
6411	111
6412	111
6413	91
6414	96
6415	109
6416	89
6417	111
6418	93
6419	107
6420	77
6421	104
6422	91
6423	116
6424	98
6425	91
6426	111
6427	90
6428	93
6429	114
6430	107
6431	96
6432	104
6433	114
6434	101
6435	91
6436	97
6437	105
6438	120
6439	93
6440	111
6441	107
6442	83
6443	152
6444	85
6445	98
6446	97
6447	101
6448	100
6449	97
6450	94
6451	118
6452	104
6453	97
6454	100
6455	93
6456	94
6457	118
6458	118
6459	90
6460	91
6461	94
6462	110
6463	98
6464	91
6465	93
6466	99
6467	116
6468	82
6469	92
6470	89
6471	84
6472	95
6473	101
6474	104
6475	102
6476	103
6477	101
6478	91
6479	92
6480	127
6481	99
6482	102
6483	101
6484	83
6485	110
6486	94
6487	89
6488	98
6489	86
6490	87
6491	102
6492	108
6493	108
6494	108
6495	93
6496	101
6497	99
6498	92
6499	92
6500	104
6501	109
6502	89
6503	102
6504	83
6505	98
6506	104
6507	116
6508	103
6509	119
6510	93
6511	110
6512	103
6513	105
6514	110
6515	85
6516	102
6517	112
6518	114
6519	84
6520	96
6521	100
6522	90
6523	110
6524	100
6525	106
6526	84
6527	82
6528	84
6529	107
6530	106
6531	107
6532	105
6533	95
6534	92
6535	99
6536	100
6537	117
6538	112
6539	97
6540	91
6541	104
6542	92
6543	108
6544	91
6545	102
6546	97
6547	93
6548	104
6549	104
6550	117
6551	106
6552	83
6553	114
6554	106
6555	84
6556	109
6557	113
6558	101
6559	105
6560	109
6561	105
6562	101
6563	100
6564	92
6565	95
6566	107
6567	85
6568	110
6569	95
6570	95
6571	98
6572	124
6573	92
6574	101
6575	88
6576	70
6577	110
6578	100
6579	111
6580	101
6581	103
6582	97
6583	103
6584	104
6585	101
6586	109
6587	109
6588	117
6589	105
6590	101
6591	95
6592	105
6593	104
6594	96
6595	110
6596	102
6597	80
6598	93
6599	101
6600	108
6601	97
6602	85
6603	120
6604	103
6605	109
6606	99
6607	90
6608	108
6609	118
6610	97
6611	104
6612	110
6613	104
6614	99
6615	94
6616	89
6617	90
6618	110
6619	91
6620	90
6621	90
6622	110
6623	98
6624	105
6625	96
6626	109
6627	98
6628	110
6629	97
6630	89
6631	100
6632	86
6633	102
6634	95
6635	115
6636	86
6637	96
6638	110
6639	93
6640	100
6641	109
6642	90
6643	102
6644	90
6645	118
6646	100
6647	97
6648	103
6649	114
6650	96
6651	105
6652	92
6653	93
6654	104
6655	89
6656	113
6657	111
6658	97
6659	108
6660	99
6661	93
6662	89
6663	88
6664	99
6665	106
6666	99
6667	113
6668	114
6669	121
6670	99
6671	109
6672	96
6673	96
6674	112
6675	111
6676	101
6677	98
6678	107
6679	101
6680	109
6681	121
6682	86
6683	100
6684	115
6685	93
6686	113
6687	119
6688	94
6689	108
6690	91
6691	105
6692	95
6693	105
6694	103
6695	106
6696	109
6697	89
6698	110
6699	101
6700	116
6701	100
6702	95
6703	117
6704	113
6705	108
6706	114
6707	77
6708	116
6709	90
6710	96
6711	109
6712	98
6713	93
6714	87
6715	107
6716	98
6717	108
6718	98
6719	104
6720	94
6721	97
6722	91
6723	104
6724	99
6725	114
6726	99
6727	109
6728	107
6729	95
6730	108
6731	109
6732	100
6733	109
6734	103
6735	113
6736	95
6737	81
6738	91
6739	104
6740	88
6741	77
6742	99
6743	96
6744	101
6745	82
6746	92
6747	119
6748	90
6749	86
6750	106
6751	98
6752	110
6753	106
6754	108
6755	108
6756	106
6757	86
6758	93
6759	103
6760	126
6761	112
6762	86
6763	89
6764	78
6765	101
6766	99
6767	94
6768	112
6769	97
6770	112
6771	118
6772	90
6773	90
6774	94
6775	113
6776	107
6777	92
6778	98
6779	96
6780	102
6781	112
6782	95
6783	88
6784	95
6785	83
6786	110
6787	97
6788	89
6789	115
6790	105
6791	110
6792	94
6793	97
6794	103
6795	110
6796	102
6797	84
6798	91
6799	97
6800	90
6801	86
6802	94
6803	103
6804	95
6805	124
6806	113
6807	99
6808	90
6809	100
6810	109
6811	110
6812	104
6813	103
6814	94
6815	101
6816	110
6817	125
6818	98
6819	97
6820	92
6821	98
6822	103
6823	99
6824	100
6825	100
6826	93
6827	101
6828	122
6829	104
6830	106
6831	89
6832	103
6833	98
6834	95
6835	120
6836	92
6837	104
6838	106
6839	100
6840	89
6841	104
6842	117
6843	100
6844	92
6845	102
6846	90
6847	99
6848	97
6849	110
6850	93
6851	115
6852	95
6853	111
6854	95
6855	89
6856	120
6857	106
6858	98
6859	108
6860	98
6861	74
6862	109
6863	96
6864	77
6865	89
6866	97
6867	91
6868	105
6869	95
6870	89
6871	99
6872	106
6873	97
6874	104
6875	108
6876	117
6877	114
6878	129
6879	109
6880	110
6881	83
6882	88
6883	99
6884	97
6885	108
6886	90
6887	101
6888	96
6889	100
6890	86
6891	109
6892	103
6893	112
6894	116
6895	92
6896	95
6897	105
6898	86
6899	93
6900	104
6901	98
6902	110
6903	90
6904	88
6905	102
6906	103
6907	100
6908	95
6909	110
6910	89
6911	114
6912	105
6913	97
6914	95
6915	87
6916	87
6917	89
6918	103
6919	93
6920	100
6921	89
6922	116
6923	101
6924	104
6925	102
6926	106
6927	108
6928	94
6929	111
6930	84
6931	99
6932	100
6933	97
6934	80
6935	99
6936	87
6937	97
6938	93
6939	97
6940	109
6941	102
6942	88
6943	90
6944	91
6945	94
6946	102
6947	101
6948	87
6949	88
6950	109
6951	93
6952	81
6953	87
6954	84
6955	103
6956	110
6957	96
6958	109
6959	95
6960	103
6961	106
6962	92
6963	107
6964	79
6965	90
6966	94
6967	90
6968	99
6969	111
6970	99
6971	117
6972	101
6973	91
6974	107
6975	80
6976	112
6977	102
6978	104
6979	95
6980	98
6981	103
6982	102
6983	101
6984	115
6985	82
6986	90
6987	114
6988	116
6989	94
6990	102
6991	95
6992	94
6993	93
6994	116
6995	93
6996	101
6997	96
6998	103
6999	101
7000	109
7001	89
7002	93
7003	114
7004	92
7005	108
7006	104
7007	108
7008	92
7009	99
7010	88
7011	91
7012	99
7013	103
7014	109
7015	106
7016	93
7017	104
7018	100
7019	97
7020	93
7021	112
7022	108
7023	114
7024	105
7025	92
7026	116
7027	116
7028	99
7029	103
7030	101
7031	99
7032	101
7033	94
7034	77
7035	107
7036	95
7037	107
7038	94
7039	102
7040	96
7041	83
7042	96
7043	101
7044	88
7045	108
7046	101
7047	91
7048	102
7049	103
7050	89
7051	85
7052	120
7053	107
7054	94
7055	104
7056	108
7057	111
7058	108
7059	109
7060	106
7061	104
7062	99
7063	100
7064	93
7065	75
7066	101
7067	93
7068	95
7069	83
7070	105
7071	114
7072	104
7073	88
7074	93
7075	92
7076	96
7077	99
7078	96
7079	97
7080	104
7081	88
7082	89
7083	96
7084	91
7085	92
7086	89
7087	106
7088	102
7089	82
7090	92
7091	96
7092	96
7093	103
7094	106
7095	105
7096	98
7097	91
7098	84
7099	123
7100	91
7101	93
7102	115
7103	104
7104	116
7105	92
7106	109
7107	100
7108	109
7109	120
7110	98
7111	89
7112	112
7113	101
7114	88
7115	103
7116	112
7117	101
7118	86
7119	108
7120	86
7121	107
7122	87
7123	108
7124	97
7125	96
7126	97
7127	88
7128	102
7129	89
7130	105
7131	110
7132	105
7133	104
7134	91
7135	100
7136	79
7137	85
7138	114
7139	96
7140	82
7141	85
7142	96
7143	102
7144	110
7145	111
7146	108
7147	113
7148	86
7149	117
7150	89
7151	104
7152	112
7153	99
7154	92
7155	95
7156	98
7157	87
7158	105
7159	104
7160	115
7161	99
7162	112
7163	105
7164	85
7165	90
7166	93
7167	94
7168	116
7169	112
7170	100
7171	103
7172	101
7173	89
7174	98
7175	100
7176	102
7177	110
7178	101
7179	102
7180	98
7181	86
7182	121
7183	108
7184	88
7185	97
7186	105
7187	111
7188	105
7189	110
7190	95
7191	109
7192	95
7193	120
7194	82
7195	117
7196	103
7197	117
7198	102
7199	118
7200	107
7201	100
7202	105
7203	106
7204	88
7205	89
7206	117
7207	101
7208	93
7209	101
7210	97
7211	100
7212	83
7213	108
7214	107
7215	109
7216	94
7217	108
7218	99
7219	124
7220	85
7221	109
7222	78
7223	99
7224	83
7225	117
7226	83
7227	94
7228	110
7229	106
7230	117
7231	92
7232	96
7233	101
7234	109
7235	94
7236	101
7237	95
7238	97
7239	95
7240	103
7241	80
7242	110
7243	111
7244	80
7245	92
7246	118
7247	87
7248	97
7249	92
7250	107
7251	114
7252	95
7253	91
7254	90
7255	111
7256	99
7257	96
7258	113
7259	84
7260	95
7261	112
7262	99
7263	98
7264	106
7265	110
7266	102
7267	101
7268	110
7269	103
7270	107
7271	99
7272	100
7273	102
7274	90
7275	82
7276	101
7277	101
7278	109
7279	102
7280	81
7281	110
7282	90
7283	116
7284	89
7285	94
7286	106
7287	114
7288	98
7289	112
7290	105
7291	89
7292	99
7293	109
7294	100
7295	108
7296	91
7297	90
7298	112
7299	109
7300	115
7301	98
7302	108
7303	101
7304	95
7305	122
7306	126
7307	98
7308	103
7309	101
7310	97
7311	110
7312	85
7313	97
7314	97
7315	95
7316	105
7317	109
7318	121
7319	83
7320	90
7321	104
7322	99
7323	88
7324	100
7325	94
7326	102
7327	83
7328	105
7329	97
7330	87
7331	106
7332	106
7333	102
7334	107
7335	95
7336	91
7337	115
7338	100
7339	109
7340	81
7341	119
7342	99
7343	95
7344	97
7345	109
7346	94
7347	84
7348	91
7349	111
7350	100
7351	102
7352	103
7353	113
7354	104
7355	99
7356	85
7357	105
7358	114
7359	88
7360	104
7361	118
7362	102
7363	105
7364	107
7365	105
7366	100
7367	93
7368	95
7369	90
7370	97
7371	105
7372	106
7373	112
7374	93
7375	100
7376	107
7377	105
7378	100
7379	114
7380	83
7381	95
7382	99
7383	94
7384	95
7385	123
7386	86
7387	108
7388	110
7389	104
7390	114
7391	92
7392	95
7393	85
7394	88
7395	124
7396	98
7397	99
7398	102
7399	99
7400	102
7401	87
7402	104
7403	94
7404	113
7405	96
7406	79
7407	100
7408	104
7409	102
7410	87
7411	99
7412	103
7413	90
7414	120
7415	100
7416	113
7417	107
7418	88
7419	114
7420	102
7421	98
7422	96
7423	84
7424	86
7425	99
7426	102
7427	99
7428	114
7429	99
7430	92
7431	105
7432	115
7433	93
7434	106
7435	114
7436	103
7437	104
7438	107
7439	111
7440	111
7441	101
7442	90
7443	110
7444	119
7445	106
7446	109
7447	97
7448	93
7449	96
7450	89
7451	114
7452	90
7453	104
7454	104
7455	88
7456	96
7457	102
7458	100
7459	113
7460	115
7461	98
7462	82
7463	96
7464	92
7465	87
7466	86
7467	97
7468	83
7469	97
7470	100
7471	108
7472	107
7473	98
7474	106
7475	99
7476	106
7477	90
7478	97
7479	108
7480	103
7481	91
7482	97
7483	105
7484	109
7485	81
7486	96
7487	98
7488	91
7489	99
7490	100
7491	108
7492	93
7493	105
7494	106
7495	102
7496	110
7497	99
7498	110
7499	111
7500	91
7501	94
7502	88
7503	93
7504	84
7505	108
7506	115
7507	108
7508	113
7509	97
7510	123
7511	99
7512	98
7513	97
7514	119
7515	93
7516	92
7517	108
7518	105
7519	124
7520	114
7521	101
7522	105
7523	82
7524	102
7525	97
7526	99
7527	96
7528	100
7529	105
7530	98
7531	106
7532	111
7533	98
7534	103
7535	93
7536	118
7537	85
7538	93
7539	94
7540	94
7541	117
7542	88
7543	88
7544	97
7545	96
7546	92
7547	98
7548	90
7549	112
7550	98
7551	108
7552	105
7553	106
7554	116
7555	104
7556	86
7557	106
7558	96
7559	100
7560	96
7561	95
7562	90
7563	104
7564	104
7565	116
7566	109
7567	111
7568	95
7569	91
7570	118
7571	125
7572	111
7573	97
7574	96
7575	111
7576	96
7577	101
7578	90
7579	107
7580	91
7581	111
7582	102
7583	97
7584	101
7585	91
7586	104
7587	103
7588	129
7589	85
7590	95
7591	102
7592	95
7593	106
7594	91
7595	97
7596	108
7597	87
7598	89
7599	113
7600	88
7601	81
7602	102
7603	98
7604	96
7605	98
7606	107
7607	109
7608	90
7609	106
7610	105
7611	109
7612	104
7613	92
7614	92
7615	102
7616	105
7617	88
7618	77
7619	97
7620	97
7621	97
7622	116
7623	80
7624	107
7625	114
7626	100
7627	102
7628	111
7629	97
7630	94
7631	100
7632	106
7633	100
7634	96
7635	97
7636	99
7637	115
7638	94
7639	108
7640	105
7641	89
7642	103
7643	97
7644	107
7645	127
7646	84
7647	98
7648	93
7649	114
7650	91
7651	81
7652	111
7653	108
7654	121
7655	108
7656	99
7657	92
7658	100
7659	110
7660	104
7661	114
7662	97
7663	111
7664	114
7665	110
7666	103
7667	98
7668	90
7669	95
7670	90
7671	92
7672	97
7673	112
7674	95
7675	102
7676	82
7677	89
7678	96
7679	109
7680	84
7681	101
7682	110
7683	100
7684	112
7685	82
7686	70
7687	88
7688	112
7689	107
7690	89
7691	91
7692	88
7693	103
7694	111
7695	104
7696	94
7697	105
7698	109
7699	92
7700	110
7701	119
7702	96
7703	87
7704	93
7705	108
7706	93
7707	96
7708	95
7709	103
7710	116
7711	90
7712	103
7713	85
7714	101
7715	99
7716	121
7717	100
7718	111
7719	102
7720	106
7721	97
7722	86
7723	105
7724	110
7725	93
7726	94
7727	81
7728	94
7729	111
7730	105
7731	109
7732	105
7733	94
7734	95
7735	91
7736	104
7737	123
7738	104
7739	93
7740	92
7741	105
7742	101
7743	82
7744	89
7745	116
7746	99
7747	93
7748	87
7749	96
7750	102
7751	114
7752	118
7753	121
7754	116
7755	112
7756	99
7757	99
7758	105
7759	101
7760	107
7761	119
7762	93
7763	110
7764	106
7765	117
7766	91
7767	98
7768	99
7769	100
7770	94
7771	96
7772	98
7773	90
7774	103
7775	114
7776	88
7777	90
7778	99
7779	90
7780	107
7781	79
7782	92
7783	83
7784	95
7785	92
7786	105
7787	100
7788	101
7789	106
7790	92
7791	103
7792	78
7793	108
7794	103
7795	93
7796	75
7797	124
7798	98
7799	77
7800	80
7801	80
7802	94
7803	96
7804	107
7805	101
7806	108
7807	113
7808	95
7809	102
7810	89
7811	85
7812	101
7813	93
7814	103
7815	118
7816	105
7817	91
7818	88
7819	116
7820	94
7821	99
7822	104
7823	105
7824	81
7825	94
7826	92
7827	91
7828	94
7829	98
7830	90
7831	103
7832	103
7833	103
7834	127
7835	104
7836	89
7837	91
7838	112
7839	112
7840	104
7841	110
7842	105
7843	106
7844	99
7845	104
7846	107
7847	98
7848	104
7849	91
7850	86
7851	81
7852	86
7853	88
7854	98
7855	83
7856	92
7857	98
7858	80
7859	113
7860	107
7861	87
7862	106
7863	94
7864	103
7865	103
7866	99
7867	99
7868	81
7869	100
7870	97
7871	90
7872	78
7873	95
7874	90
7875	95
7876	120
7877	100
7878	102
7879	88
7880	91
7881	109
7882	99
7883	95
7884	109
7885	86
7886	116
7887	90
7888	108
7889	108
7890	87
7891	104
7892	85
7893	98
7894	99
7895	101
7896	98
7897	83
7898	117
7899	91
7900	99
7901	98
7902	110
7903	86
7904	81
7905	101
7906	116
7907	99
7908	82
7909	104
7910	98
7911	98
7912	103
7913	107
7914	112
7915	104
7916	115
7917	93
7918	96
7919	134
7920	96
7921	102
7922	123
7923	86
7924	120
7925	90
7926	106
7927	88
7928	109
7929	103
7930	87
7931	115
7932	88
7933	109
7934	94
7935	98
7936	108
7937	111
7938	98
7939	83
7940	115
7941	103
7942	141
7943	96
7944	108
7945	93
7946	94
7947	103
7948	93
7949	96
7950	106
7951	99
7952	110
7953	97
7954	102
7955	103
7956	99
7957	112
7958	104
7959	89
7960	100
7961	98
7962	99
7963	118
7964	97
7965	77
7966	97
7967	106
7968	73
7969	79
7970	116
7971	104
7972	107
7973	117
7974	92
7975	96
7976	95
7977	89
7978	110
7979	113
7980	109
7981	86
7982	76
7983	102
7984	99
7985	107
7986	101
7987	100
7988	125
7989	95
7990	85
7991	94
7992	87
7993	88
7994	97
7995	90
7996	109
7997	92
7998	95
7999	111
8000	84
8001	103
8002	126
8003	116
8004	98
8005	90
8006	95
8007	97
8008	108
8009	99
8010	85
8011	88
8012	96
8013	116
8014	102
8015	115
8016	95
8017	98
8018	84
8019	97
8020	113
8021	127
8022	90
8023	84
8024	106
8025	88
8026	98
8027	102
8028	93
8029	107
8030	93
8031	84
8032	96
8033	98
8034	105
8035	98
8036	99
8037	95
8038	61
8039	97
8040	86
8041	100
8042	103
8043	95
8044	103
8045	102
8046	100
8047	108
8048	95
8049	95
8050	96
8051	95
8052	101
8053	109
8054	90
8055	91
8056	113
8057	92
8058	96
8059	90
8060	95
8061	108
8062	106
8063	82
8064	105
8065	102
8066	109
8067	104
8068	92
8069	87
8070	95
8071	109
8072	113
8073	99
8074	103
8075	113
8076	96
8077	83
8078	106
8079	90
8080	93
8081	97
8082	94
8083	83
8084	129
8085	104
8086	86
8087	99
8088	111
8089	104
8090	110
8091	99
8092	89
8093	102
8094	113
8095	117
8096	82
8097	120
8098	87
8099	85
8100	92
8101	104
8102	109
8103	92
8104	109
8105	98
8106	104
8107	115
8108	107
8109	108
8110	97
8111	108
8112	111
8113	125
8114	96
8115	110
8116	115
8117	97
8118	93
8119	108
8120	90
8121	107
8122	91
8123	94
8124	107
8125	94
8126	106
8127	105
8128	105
8129	84
8130	91
8131	125
8132	103
8133	101
8134	95
8135	90
8136	102
8137	78
8138	113
8139	96
8140	96
8141	94
8142	107
8143	117
8144	110
8145	88
8146	112
8147	109
8148	106
8149	118
8150	99
8151	117
8152	109
8153	89
8154	116
8155	112
8156	103
8157	99
8158	111
8159	108
8160	94
8161	114
8162	105
8163	99
8164	90
8165	92
8166	88
8167	94
8168	95
8169	96
8170	101
8171	99
8172	108
8173	102
8174	103
8175	96
8176	98
8177	88
8178	91
8179	82
8180	107
8181	96
8182	114
8183	100
8184	111
8185	102
8186	99
8187	107
8188	107
8189	97
8190	88
8191	94
8192	109
8193	100
8194	98
8195	94
8196	89
8197	116
8198	119
8199	113
8200	109
8201	95
8202	85
8203	90
8204	94
8205	115
8206	97
8207	107
8208	87
8209	99
8210	93
8211	114
8212	81
8213	98
8214	126
8215	102
8216	96
8217	104
8218	106
8219	116
8220	98
8221	116
8222	84
8223	96
8224	121
8225	108
8226	107
8227	109
8228	114
8229	119
8230	109
8231	110
8232	99
8233	87
8234	110
8235	104
8236	104
8237	116
8238	109
8239	104
8240	99
8241	108
8242	118
8243	119
8244	93
8245	96
8246	97
8247	92
8248	89
8249	99
8250	101
8251	114
8252	93
8253	91
8254	98
8255	110
8256	118
8257	98
8258	76
8259	98
8260	92
8261	106
8262	102
8263	99
8264	93
8265	97
8266	109
8267	99
8268	84
8269	99
8270	109
8271	108
8272	87
8273	115
8274	81
8275	93
8276	97
8277	93
8278	96
8279	91
8280	91
8281	105
8282	101
8283	97
8284	97
8285	110
8286	101
8287	113
8288	87
8289	104
8290	103
8291	98
8292	92
8293	117
8294	107
8295	107
8296	97
8297	91
8298	108
8299	102
8300	113
8301	104
8302	106
8303	104
8304	86
8305	88
8306	83
8307	89
8308	89
8309	111
8310	112
8311	96
8312	118
8313	105
8314	89
8315	103
8316	110
8317	95
8318	96
8319	102
8320	104
8321	104
8322	108
8323	107
8324	87
8325	90
8326	102
8327	97
8328	102
8329	103
8330	91
8331	109
8332	107
8333	101
8334	103
8335	93
8336	99
8337	115
8338	98
8339	107
8340	90
8341	113
8342	91
8343	74
8344	96
8345	109
8346	103
8347	113
8348	98
8349	115
8350	101
8351	112
8352	98
8353	106
8354	105
8355	106
8356	74
8357	94
8358	88
8359	112
8360	100
8361	79
8362	98
8363	95
8364	99
8365	96
8366	104
8367	90
8368	91
8369	103
8370	90
8371	116
8372	85
8373	101
8374	117
8375	99
8376	107
8377	104
8378	106
8379	101
8380	101
8381	98
8382	106
8383	98
8384	78
8385	105
8386	107
8387	101
8388	89
8389	102
8390	88
8391	91
8392	105
8393	115
8394	91
8395	98
8396	96
8397	108
8398	89
8399	102
8400	129
8401	92
8402	87
8403	125
8404	85
8405	90
8406	98
8407	105
8408	107
8409	110
8410	89
8411	100
8412	81
8413	92
8414	108
8415	102
8416	98
8417	87
8418	104
8419	91
8420	101
8421	79
8422	106
8423	106
8424	92
8425	105
8426	99
8427	115
8428	100
8429	100
8430	102
8431	111
8432	96
8433	113
8434	90
8435	107
8436	93
8437	116
8438	94
8439	108
8440	103
8441	90
8442	94
8443	117
8444	108
8445	110
8446	95
8447	115
8448	98
8449	85
8450	111
8451	114
8452	106
8453	113
8454	88
8455	99
8456	82
8457	91
8458	84
8459	114
8460	118
8461	113
8462	86
8463	80
8464	108
8465	111
8466	113
8467	77
8468	92
8469	100
8470	102
8471	117
8472	82
8473	116
8474	115
8475	95
8476	110
8477	98
8478	97
8479	96
8480	100
8481	106
8482	98
8483	100
8484	103
8485	99
8486	107
8487	98
8488	98
8489	95
8490	107
8491	93
8492	103
8493	108
8494	112
8495	101
8496	95
8497	121
8498	102
8499	118
8500	100
8501	97
8502	96
8503	101
8504	99
8505	107
8506	121
8507	96
8508	101
8509	93
8510	104
8511	85
8512	102
8513	99
8514	95
8515	108
8516	103
8517	106
8518	105
8519	82
8520	97
8521	103
8522	116
8523	101
8524	89
8525	97
8526	87
8527	99
8528	94
8529	100
8530	98
8531	102
8532	104
8533	89
8534	115
8535	106
8536	87
8537	102
8538	90
8539	102
8540	97
8541	118
8542	105
8543	98
8544	104
8545	93
8546	101
8547	92
8548	97
8549	84
8550	106
8551	97
8552	88
8553	97
8554	96
8555	98
8556	106
8557	72
8558	95
8559	108
8560	100
8561	91
8562	102
8563	95
8564	77
8565	97
8566	92
8567	107
8568	106
8569	118
8570	115
8571	108
8572	111
8573	96
8574	108
8575	102
8576	95
8577	120
8578	111
8579	121
8580	116
8581	105
8582	102
8583	97
8584	121
8585	93
8586	99
8587	99
8588	96
8589	100
8590	105
8591	86
8592	107
8593	104
8594	106
8595	94
8596	91
8597	101
8598	109
8599	98
8600	110
8601	91
8602	83
8603	109
8604	88
8605	110
8606	106
8607	95
8608	103
8609	85
8610	107
8611	93
8612	109
8613	100
8614	95
8615	116
8616	100
8617	107
8618	113
8619	97
8620	92
8621	115
8622	98
8623	90
8624	96
8625	105
8626	102
8627	98
8628	96
8629	99
8630	92
8631	103
8632	87
8633	100
8634	91
8635	96
8636	125
8637	111
8638	99
8639	109
8640	105
8641	85
8642	88
8643	94
8644	104
8645	94
8646	77
8647	100
8648	106
8649	93
8650	105
8651	102
8652	107
8653	79
8654	95
8655	107
8656	95
8657	112
8658	122
8659	93
8660	89
8661	109
8662	106
8663	113
8664	102
8665	104
8666	99
8667	105
8668	102
8669	114
8670	108
8671	94
8672	108
8673	114
8674	109
8675	99
8676	86
8677	109
8678	105
8679	93
8680	98
8681	108
8682	91
8683	113
8684	84
8685	94
8686	98
8687	79
8688	93
8689	91
8690	114
8691	103
8692	89
8693	93
8694	112
8695	109
8696	107
8697	94
8698	93
8699	108
8700	110
8701	122
8702	103
8703	87
8704	93
8705	98
8706	91
8707	118
8708	96
8709	94
8710	94
8711	97
8712	109
8713	93
8714	117
8715	87
8716	99
8717	104
8718	106
8719	93
8720	106
8721	90
8722	98
8723	102
8724	101
8725	113
8726	114
8727	107
8728	113
8729	120
8730	114
8731	99
8732	92
8733	109
8734	83
8735	110
8736	109
8737	104
8738	109
8739	89
8740	101
8741	122
8742	94
8743	85
8744	107
8745	128
8746	100
8747	92
8748	90
8749	100
8750	92
8751	93
8752	102
8753	112
8754	85
8755	97
8756	120
8757	86
8758	101
8759	96
8760	95
8761	85
8762	82
8763	99
8764	100
8765	78
8766	103
8767	95
8768	110
8769	102
8770	77
8771	100
8772	98
8773	91
8774	122
8775	109
8776	97
8777	118
8778	107
8779	101
8780	85
8781	96
8782	98
8783	104
8784	92
8785	97
8786	94
8787	109
8788	78
8789	90
8790	87
8791	104
8792	91
8793	87
8794	117
8795	105
8796	117
8797	107
8798	95
8799	95
8800	98
8801	108
8802	74
8803	81
8804	110
8805	108
8806	88
8807	105
8808	96
8809	110
8810	108
8811	95
8812	94
8813	90
8814	81
8815	95
8816	99
8817	106
8818	94
8819	94
8820	104
8821	98
8822	101
8823	98
8824	96
8825	85
8826	89
8827	101
8828	85
8829	105
8830	108
8831	105
8832	95
8833	110
8834	94
8835	112
8836	110
8837	96
8838	108
8839	98
8840	81
8841	95
8842	117
8843	94
8844	93
8845	81
8846	93
8847	87
8848	106
8849	93
8850	89
8851	91
8852	87
8853	98
8854	109
8855	100
8856	90
8857	114
8858	121
8859	109
8860	93
8861	108
8862	98
8863	88
8864	102
8865	100
8866	97
8867	103
8868	99
8869	99
8870	101
8871	87
8872	77
8873	99
8874	94
8875	92
8876	100
8877	85
8878	87
8879	102
8880	104
8881	89
8882	116
8883	111
8884	115
8885	89
8886	85
8887	71
8888	97
8889	94
8890	99
8891	113
8892	88
8893	100
8894	84
8895	117
8896	102
8897	89
8898	86
8899	113
8900	90
8901	119
8902	111
8903	92
8904	103
8905	99
8906	91
8907	95
8908	95
8909	107
8910	106
8911	100
8912	102
8913	113
8914	103
8915	116
8916	98
8917	100
8918	105
8919	103
8920	103
8921	95
8922	105
8923	80
8924	96
8925	122
8926	107
8927	95
8928	101
8929	103
8930	102
8931	101
8932	95
8933	99
8934	94
8935	92
8936	101
8937	107
8938	100
8939	84
8940	90
8941	97
8942	86
8943	81
8944	114
8945	103
8946	118
8947	96
8948	105
8949	108
8950	109
8951	101
8952	91
8953	74
8954	100
8955	98
8956	106
8957	107
8958	89
8959	109
8960	102
8961	108
8962	104
8963	90
8964	120
8965	112
8966	106
8967	99
8968	108
8969	93
8970	102
8971	109
8972	101
8973	107
8974	107
8975	95
8976	102
8977	105
8978	102
8979	110
8980	109
8981	118
8982	97
8983	101
8984	101
8985	87
8986	93
8987	106
8988	109
8989	105
8990	112
8991	100
8992	96
8993	107
8994	99
8995	101
8996	89
8997	89
8998	111
8999	97
9000	94
9001	103
9002	95
9003	102
9004	99
9005	103
9006	90
9007	100
9008	91
9009	99
9010	78
9011	104
9012	95
9013	111
9014	91
9015	93
9016	89
9017	103
9018	108
9019	103
9020	102
9021	103
9022	90
9023	120
9024	105
9025	107
9026	96
9027	104
9028	108
9029	101
9030	105
9031	94
9032	107
9033	70
9034	90
9035	102
9036	102
9037	85
9038	113
9039	118
9040	110
9041	96
9042	111
9043	109
9044	88
9045	99
9046	85
9047	89
9048	100
9049	107
9050	95
9051	94
9052	120
9053	98
9054	91
9055	116
9056	103
9057	104
9058	100
9059	94
9060	86
9061	97
9062	106
9063	109
9064	83
9065	106
9066	103
9067	86
9068	87
9069	81
9070	103
9071	95
9072	103
9073	106
9074	105
9075	88
9076	92
9077	101
9078	114
9079	80
9080	108
9081	102
9082	107
9083	81
9084	100
9085	109
9086	110
9087	103
9088	102
9089	88
9090	101
9091	82
9092	97
9093	110
9094	132
9095	104
9096	104
9097	85
9098	87
9099	107
9100	110
9101	99
9102	106
9103	106
9104	86
9105	88
9106	77
9107	107
9108	97
9109	79
9110	118
9111	113
9112	119
9113	104
9114	104
9115	100
9116	109
9117	111
9118	99
9119	113
9120	101
9121	94
9122	99
9123	108
9124	91
9125	102
9126	85
9127	94
9128	84
9129	95
9130	98
9131	91
9132	104
9133	121
9134	106
9135	89
9136	117
9137	112
9138	100
9139	93
9140	101
9141	96
9142	122
9143	96
9144	98
9145	113
9146	97
9147	88
9148	104
9149	109
9150	93
9151	94
9152	92
9153	108
9154	107
9155	91
9156	108
9157	96
9158	99
9159	102
9160	105
9161	98
9162	85
9163	94
9164	106
9165	81
9166	121
9167	73
9168	121
9169	92
9170	97
9171	102
9172	112
9173	96
9174	93
9175	110
9176	101
9177	105
9178	113
9179	92
9180	92
9181	89
9182	97
9183	97
9184	95
9185	112
9186	94
9187	102
9188	115
9189	94
9190	101
9191	94
9192	97
9193	110
9194	96
9195	102
9196	112
9197	117
9198	105
9199	83
9200	97
9201	90
9202	99
9203	89
9204	98
9205	99
9206	101
9207	113
9208	106
9209	107
9210	117
9211	113
9212	95
9213	90
9214	86
9215	97
9216	101
9217	105
9218	107
9219	111
9220	111
9221	103
9222	104
9223	95
9224	83
9225	94
9226	106
9227	97
9228	88
9229	101
9230	93
9231	92
9232	104
9233	123
9234	116
9235	101
9236	102
9237	94
9238	94
9239	103
9240	92
9241	92
9242	98
9243	103
9244	97
9245	98
9246	93
9247	110
9248	108
9249	102
9250	105
9251	113
9252	106
9253	98
9254	91
9255	101
9256	103
9257	114
9258	105
9259	108
9260	84
9261	98
9262	108
9263	99
9264	109
9265	80
9266	105
9267	109
9268	95
9269	104
9270	90
9271	98
9272	101
9273	87
9274	109
9275	121
9276	111
9277	105
9278	82
9279	84
9280	76
9281	93
9282	105
9283	113
9284	108
9285	103
9286	117
9287	93
9288	100
9289	104
9290	107
9291	100
9292	91
9293	107
9294	100
9295	92
9296	118
9297	107
9298	110
9299	111
9300	117
9301	118
9302	95
9303	96
9304	89
9305	81
9306	93
9307	102
9308	95
9309	87
9310	114
9311	98
9312	104
9313	93
9314	101
9315	97
9316	92
9317	100
9318	90
9319	110
9320	91
9321	92
9322	91
9323	89
9324	88
9325	102
9326	105
9327	112
9328	101
9329	90
9330	95
9331	77
9332	104
9333	109
9334	99
9335	98
9336	96
9337	119
9338	109
9339	104
9340	111
9341	108
9342	91
9343	91
9344	107
9345	93
9346	96
9347	95
9348	101
9349	97
9350	102
9351	132
9352	95
9353	98
9354	77
9355	96
9356	93
9357	99
9358	94
9359	105
9360	105
9361	97
9362	99
9363	93
9364	93
9365	116
9366	88
9367	84
9368	107
9369	80
9370	111
9371	99
9372	99
9373	101
9374	96
9375	84
9376	104
9377	92
9378	98
9379	93
9380	99
9381	117
9382	91
9383	111
9384	89
9385	95
9386	96
9387	105
9388	117
9389	91
9390	99
9391	114
9392	85
9393	96
9394	92
9395	98
9396	111
9397	76
9398	98
9399	100
9400	106
9401	104
9402	99
9403	100
9404	95
9405	82
9406	102
9407	125
9408	97
9409	99
9410	98
9411	82
9412	102
9413	77
9414	73
9415	94
9416	104
9417	111
9418	92
9419	87
9420	95
9421	99
9422	87
9423	97
9424	109
9425	99
9426	98
9427	95
9428	117
9429	100
9430	92
9431	93
9432	129
9433	106
9434	101
9435	84
9436	107
9437	91
9438	109
9439	99
9440	88
9441	102
9442	86
9443	101
9444	101
9445	99
9446	100
9447	104
9448	94
9449	103
9450	92
9451	105
9452	98
9453	103
9454	124
9455	84
9456	111
9457	131
9458	80
9459	109
9460	99
9461	103
9462	109
9463	97
9464	110
9465	97
9466	105
9467	92
9468	112
9469	105
9470	103
9471	96
9472	99
9473	90
9474	123
9475	103
9476	107
9477	111
9478	107
9479	110
9480	110
9481	104
9482	99
9483	93
9484	109
9485	95
9486	100
9487	106
9488	114
9489	101
9490	73
9491	102
9492	92
9493	86
9494	119
9495	102
9496	107
9497	93
9498	114
9499	98
9500	92
9501	94
9502	93
9503	90
9504	105
9505	100
9506	111
9507	105
9508	94
9509	102
9510	117
9511	114
9512	95
9513	97
9514	95
9515	92
9516	98
9517	117
9518	113
9519	106
9520	111
9521	116
9522	90
9523	88
9524	96
9525	83
9526	121
9527	85
9528	106
9529	95
9530	98
9531	101
9532	92
9533	97
9534	104
9535	98
9536	100
9537	95
9538	105
9539	108
9540	92
9541	101
9542	107
9543	101
9544	107
9545	106
9546	113
9547	95
9548	108
9549	108
9550	108
9551	92
9552	101
9553	102
9554	112
9555	80
9556	97
9557	96
9558	96
9559	88
9560	84
9561	99
9562	106
9563	100
9564	106
9565	100
9566	96
9567	109
9568	90
9569	108
9570	111
9571	95
9572	118
9573	93
9574	93
9575	94
9576	103
9577	121
9578	83
9579	111
9580	85
9581	97
9582	108
9583	82
9584	113
9585	90
9586	115
9587	101
9588	89
9589	109
9590	106
9591	93
9592	89
9593	99
9594	95
9595	111
9596	112
9597	86
9598	113
9599	82
9600	87
9601	104
9602	93
9603	84
9604	104
9605	92
9606	107
9607	115
9608	97
9609	104
9610	86
9611	97
9612	113
9613	104
9614	106
9615	115
9616	100
9617	108
9618	92
9619	97
9620	101
9621	100
9622	104
9623	92
9624	96
9625	102
9626	91
9627	105
9628	93
9629	92
9630	87
9631	108
9632	101
9633	88
9634	104
9635	92
9636	104
9637	106
9638	102
9639	83
9640	84
9641	112
9642	104
9643	79
9644	95
9645	102
9646	111
9647	110
9648	91
9649	91
9650	97
9651	106
9652	88
9653	90
9654	102
9655	87
9656	106
9657	100
9658	100
9659	96
9660	122
9661	97
9662	108
9663	99
9664	105
9665	90
9666	84
9667	102
9668	105
9669	105
9670	84
9671	109
9672	99
9673	86
9674	109
9675	113
9676	93
9677	107
9678	82
9679	103
9680	99
9681	93
9682	91
9683	121
9684	88
9685	101
9686	99
9687	114
9688	94
9689	103
9690	120
9691	91
9692	105
9693	104
9694	100
9695	116
9696	102
9697	100
9698	101
9699	106
9700	117
9701	96
9702	110
9703	89
9704	128
9705	113
9706	84
9707	117
9708	107
9709	95
9710	89
9711	80
9712	100
9713	82
9714	102
9715	102
9716	85
9717	107
9718	87
9719	96
9720	113
9721	122
9722	96
9723	91
9724	83
9725	92
9726	85
9727	98
9728	81
9729	85
9730	114
9731	108
9732	145
9733	102
9734	81
9735	94
9736	101
9737	98
9738	96
9739	104
9740	103
9741	101
9742	102
9743	111
9744	106
9745	86
9746	100
9747	92
9748	91
9749	102
9750	108
9751	106
9752	123
9753	96
9754	102
9755	112
9756	89
9757	105
9758	91
9759	127
9760	85
9761	100
9762	116
9763	72
9764	107
9765	96
9766	99
9767	99
9768	90
9769	114
9770	105
9771	96
9772	99
9773	91
9774	107
9775	101
9776	107
9777	107
9778	96
9779	117
9780	107
9781	100
9782	102
9783	94
9784	121
9785	106
9786	87
9787	92
9788	109
9789	101
9790	112
9791	103
9792	110
9793	102
9794	110
9795	113
9796	99
9797	96
9798	100
9799	97
9800	118
9801	110
9802	103
9803	94
9804	120
9805	83
9806	93
9807	123
9808	95
9809	89
9810	97
9811	88
9812	91
9813	109
9814	98
9815	93
9816	122
9817	97
9818	101
9819	104
9820	96
9821	95
9822	95
9823	102
9824	115
9825	107
9826	92
9827	97
9828	109
9829	116
9830	94
9831	97
9832	112
9833	93
9834	99
9835	96
9836	89
9837	91
9838	108
9839	85
9840	102
9841	94
9842	104
9843	100
9844	92
9845	108
9846	102
9847	97
9848	108
9849	112
9850	90
9851	84
9852	105
9853	89
9854	84
9855	99
9856	87
9857	102
9858	100
9859	106
9860	111
9861	96
9862	100
9863	90
9864	104
9865	113
9866	104
9867	97
9868	93
9869	109
9870	101
9871	101
9872	91
9873	99
9874	105
9875	93
9876	106
9877	103
9878	100
9879	95
9880	119
9881	100
9882	86
9883	99
9884	99
9885	111
9886	103
9887	82
9888	95
9889	95
9890	92
9891	104
9892	85
9893	107
9894	100
9895	120
9896	122
9897	123
9898	101
9899	95
9900	112
9901	111
9902	83
9903	105
9904	108
9905	104
9906	103
9907	98
9908	114
9909	91
9910	96
9911	92
9912	96
9913	108
9914	95
9915	80
9916	95
9917	90
9918	93
9919	99
9920	84
9921	101
9922	93
9923	102
9924	108
9925	114
9926	103
9927	96
9928	91
9929	88
9930	111
9931	106
9932	103
9933	97
9934	99
9935	92
9936	87
9937	104
9938	95
9939	91
9940	83
9941	100
9942	112
9943	85
9944	103
9945	121
9946	103
9947	99
9948	100
9949	100
9950	97
9951	91
9952	97
9953	113
9954	112
9955	104
9956	84
9957	118
9958	118
9959	101
9960	119
9961	101
9962	95
9963	101
9964	113
9965	96
9966	99
9967	88
9968	105
9969	84
9970	95
9971	99
9972	110
9973	94
9974	84
9975	90
9976	117
9977	127
9978	91
9979	95
9980	99
9981	105
9982	96
9983	92
9984	107
9985	90
9986	108
9987	97
9988	110
9989	99
9990	108
9991	97
9992	88
9993	88
9994	107
9995	98
9996	103
9997	122
9998	92
9999	90
10000	116
