   1.000000            9965
   2.000000            9843
   3.000000           10106
   4.000000            9793
   5.000000            9909
   6.000000            9816
   7.000000            9867
   8.000000            9986
   9.000000            9981
   10.00000           10120
   11.00000           10012
   12.00000            9909
   13.00000           10170
   14.00000            9930
   15.00000            9798
   16.00000           10158
   17.00000            9867
   18.00000           10108
   19.00000            9887
   20.00000           10124
   21.00000            9757
   22.00000            9821
   23.00000            9951
   24.00000           10087
   25.00000           10094
   26.00000           10024
   27.00000            9964
   28.00000            9958
   29.00000           10112
   30.00000            9879
   31.00000            9862
   32.00000           10140
   33.00000           10000
   34.00000           10054
   35.00000           10075
   36.00000            9739
   37.00000            9895
   38.00000            9943
   39.00000           10008
   40.00000           10078
   41.00000            9809
   42.00000            9880
   43.00000            9752
   44.00000            9715
   45.00000           10030
   46.00000            9903
   47.00000            9813
   48.00000           10040
   49.00000            9792
   50.00000           10087
   51.00000            9985
   52.00000           10066
   53.00000            9897
   54.00000            9956
   55.00000            9935
   56.00000           10003
   57.00000            9963
   58.00000            9855
   59.00000           10009
   60.00000            9895
   61.00000            9947
   62.00000            9901
   63.00000            9896
   64.00000           10197
   65.00000           10153
   66.00000           10040
   67.00000            9956
   68.00000           10131
   69.00000            9889
   70.00000            9994
   71.00000            9886
   72.00000            9971
   73.00000           10101
   74.00000            9923
   75.00000            9960
   76.00000           10016
   77.00000            9887
   78.00000            9805
   79.00000           10015
   80.00000           10083
   81.00000            9934
   82.00000           10058
   83.00000            9823
   84.00000            9832
   85.00000            9893
   86.00000            9972
   87.00000            9819
   88.00000            9908
   89.00000            9954
   90.00000            9933
   91.00000           10088
   92.00000            9981
   93.00000            9839
   94.00000            9777
   95.00000            9982
   96.00000            9931
   97.00000            9959
   98.00000            9975
   99.00000           10109
   100.0000            9796
   101.0000            9863
   102.0000            9780
   103.0000           10041
   104.0000           10345
   105.0000            9834
   106.0000           10012
   107.0000            9959
   108.0000            9895
   109.0000            9963
   110.0000            9797
   111.0000           10091
   112.0000            9907
   113.0000            9967
   114.0000           10055
   115.0000           10059
   116.0000            9856
   117.0000            9710
   118.0000            9860
   119.0000           10091
   120.0000           10190
   121.0000            9914
   122.0000           10000
   123.0000           10026
   124.0000            9976
   125.0000            9839
   126.0000            9798
   127.0000            9829
   128.0000            9974
   129.0000            9903
   130.0000            9941
   131.0000            9877
   132.0000           10050
   133.0000            9847
   134.0000            9870
   135.0000            9985
   136.0000            9971
   137.0000            9949
   138.0000            9922
   139.0000           10050
   140.0000            9992
   141.0000            9807
   142.0000            9791
   143.0000            9899
   144.0000           10062
   145.0000           10022
   146.0000           10019
   147.0000           10006
   148.0000            9920
   149.0000           10019
   150.0000            9807
   151.0000           10007
   152.0000            9898
   153.0000           10048
   154.0000            9987
   155.0000           10003
   156.0000            9903
   157.0000            9770
   158.0000            9978
   159.0000            9760
   160.0000            9999
   161.0000            9857
   162.0000            9991
   163.0000           10005
   164.0000            9926
   165.0000            9894
   166.0000            9911
   167.0000            9966
   168.0000            9927
   169.0000            9927
   170.0000           10044
   171.0000           10005
   172.0000            9987
   173.0000            9877
   174.0000            9859
   175.0000           10046
   176.0000           10104
   177.0000            9807
   178.0000           10011
   179.0000            9799
   180.0000            9840
   181.0000            9983
   182.0000            9744
   183.0000           10007
   184.0000            9876
   185.0000            9898
   186.0000           10175
   187.0000            9964
   188.0000            9870
   189.0000            9931
   190.0000            9927
   191.0000           10110
   192.0000            9899
   193.0000           10058
   194.0000           10020
   195.0000            9975
   196.0000            9921
   197.0000            9808
   198.0000            9940
   199.0000            9988
   200.0000            9951
   201.0000           10041
   202.0000            9965
   203.0000            9773
   204.0000            9875
   205.0000            9943
   206.0000            9925
   207.0000            9890
   208.0000           10027
   209.0000            9981
   210.0000           10020
   211.0000            9945
   212.0000            9958
   213.0000           10021
   214.0000            9930
   215.0000           10058
   216.0000           10129
   217.0000           10148
   218.0000            9934
   219.0000            9813
   220.0000            9997
   221.0000            9922
   222.0000            9965
   223.0000            9924
   224.0000            9932
   225.0000           10050
   226.0000           10272
   227.0000            9873
   228.0000            9844
   229.0000            9762
   230.0000            9712
   231.0000           10035
   232.0000            9950
   233.0000           10112
   234.0000           10075
   235.0000           10016
   236.0000            9997
   237.0000            9971
   238.0000            9842
   239.0000           10108
   240.0000           10234
   241.0000            9982
   242.0000           10002
   243.0000            9970
   244.0000            9863
   245.0000            9758
   246.0000            9764
   247.0000           10128
   248.0000            9986
   249.0000            9874
   250.0000            9943
   251.0000            9907
   252.0000            9788
   253.0000            9952
   254.0000            9791
   255.0000            9966
   256.0000            9995
   257.0000            9856
   258.0000            9978
   259.0000           10035
   260.0000            9958
   261.0000           10000
   262.0000            9832
   263.0000           10002
   264.0000            9964
   265.0000            9839
   266.0000            9976
   267.0000            9866
   268.0000            9767
   269.0000            9888
   270.0000            9738
   271.0000            9948
   272.0000            9969
   273.0000           10006
   274.0000           10017
   275.0000            9987
   276.0000            9892
   277.0000            9825
   278.0000            9915
   279.0000            9861
   280.0000           10032
   281.0000           10110
   282.0000           10015
   283.0000            9892
   284.0000            9939
   285.0000           10055
   286.0000            9945
   287.0000            9958
   288.0000           10023
   289.0000           10064
   290.0000           10053
   291.0000            9833
   292.0000            9989
   293.0000            9746
   294.0000            9943
   295.0000            9997
   296.0000           10054
   297.0000            9969
   298.0000           10050
   299.0000            9887
   300.0000            9766
   301.0000           10042
   302.0000            9966
   303.0000            9992
   304.0000           10161
   305.0000            9980
   306.0000            9876
   307.0000            9985
   308.0000            9863
   309.0000            9965
   310.0000            9747
   311.0000            9862
   312.0000            9994
   313.0000            9981
   314.0000           10272
   315.0000            9910
   316.0000            9883
   317.0000            9868
   318.0000            9972
   319.0000            9996
   320.0000            9960
   321.0000           10077
   322.0000            9910
   323.0000            9898
   324.0000            9798
   325.0000            9948
   326.0000            9853
   327.0000            9995
   328.0000           10028
   329.0000           10151
   330.0000           10014
   331.0000            9964
   332.0000           10012
   333.0000            9710
   334.0000           10057
   335.0000           10082
   336.0000            9863
   337.0000            9949
   338.0000           10132
   339.0000            9970
   340.0000            9978
   341.0000           10096
   342.0000            9749
   343.0000           10065
   344.0000           10007
   345.0000           10006
   346.0000           10101
   347.0000            9798
   348.0000            9989
   349.0000            9838
   350.0000           10087
   351.0000           10007
   352.0000            9930
   353.0000           10033
   354.0000            9927
   355.0000            9787
   356.0000            9937
   357.0000            9746
   358.0000           10013
   359.0000            9918
   360.0000            9960
   361.0000            9955
   362.0000            9885
   363.0000            9970
   364.0000           10145
   365.0000            9795
   366.0000           10093
   367.0000           10019
   368.0000           10057
   369.0000           10011
   370.0000           10172
   371.0000            9977
   372.0000            9961
   373.0000            9838
   374.0000            9879
   375.0000            9909
   376.0000           10122
   377.0000            9973
   378.0000            9851
   379.0000            9845
   380.0000            9839
   381.0000           10034
   382.0000           10065
   383.0000            9888
   384.0000            9899
   385.0000            9832
   386.0000            9990
   387.0000            9747
   388.0000            9923
   389.0000            9864
   390.0000            9913
   391.0000            9989
   392.0000           10106
   393.0000           10109
   394.0000            9828
   395.0000            9917
   396.0000            9992
   397.0000            9996
   398.0000           10191
   399.0000           10082
   400.0000           10126
   401.0000            9952
   402.0000            9825
   403.0000            9885
   404.0000            9977
   405.0000           10076
   406.0000           10068
   407.0000           10029
   408.0000            9914
   409.0000           10049
   410.0000            9969
   411.0000            9734
   412.0000            9954
   413.0000            9797
   414.0000           10115
   415.0000            9864
   416.0000            9975
   417.0000            9939
   418.0000            9784
   419.0000           10003
   420.0000            9987
   421.0000            9934
   422.0000           10059
   423.0000           10062
   424.0000           10014
   425.0000           10089
   426.0000            9944
   427.0000            9844
   428.0000           10040
   429.0000            9800
   430.0000           10002
   431.0000            9937
   432.0000            9907
   433.0000           10059
   434.0000            9837
   435.0000            9905
   436.0000            9895
   437.0000            9941
   438.0000           10083
   439.0000            9906
   440.0000            9959
   441.0000            9858
   442.0000            9858
   443.0000            9721
   444.0000            9828
   445.0000            9896
   446.0000           10021
   447.0000            9808
   448.0000            9934
   449.0000           10197
   450.0000            9819
   451.0000            9909
   452.0000            9822
   453.0000           10004
   454.0000            9977
   455.0000            9964
   456.0000            9934
   457.0000           10086
   458.0000            9806
   459.0000            9898
   460.0000            9783
   461.0000            9947
   462.0000           10083
   463.0000            9861
   464.0000           10019
   465.0000           10022
   466.0000            9957
   467.0000            9838
   468.0000           10055
   469.0000            9830
   470.0000           10021
   471.0000            9901
   472.0000           10038
   473.0000           10110
   474.0000            9838
   475.0000            9969
   476.0000            9933
   477.0000            9938
   478.0000            9924
   479.0000           10081
   480.0000            9911
   481.0000            9928
   482.0000            9875
   483.0000            9767
   484.0000            9976
   485.0000            9873
   486.0000           10091
   487.0000           10103
   488.0000           10225
   489.0000            9962
   490.0000            9943
   491.0000            9983
   492.0000           10020
   493.0000            9830
   494.0000            9913
   495.0000           10092
   496.0000           10125
   497.0000           10161
   498.0000            9879
   499.0000            9819
   500.0000            9843
   501.0000            9805
   502.0000            9890
   503.0000           10024
   504.0000            9905
   505.0000            9776
   506.0000           10013
   507.0000            9788
   508.0000           10196
   509.0000           10022
   510.0000           10031
   511.0000           10037
   512.0000            9894
   513.0000           10115
   514.0000            9954
   515.0000           10002
   516.0000            9813
   517.0000            9713
   518.0000           10024
   519.0000            9803
   520.0000            9847
   521.0000           10063
   522.0000            9887
   523.0000            9842
   524.0000           10073
   525.0000            9919
   526.0000            9699
   527.0000            9894
   528.0000           10114
   529.0000            9992
   530.0000            9841
   531.0000           10033
   532.0000            9870
   533.0000           10054
   534.0000           10078
   535.0000           10197
   536.0000            9977
   537.0000            9983
   538.0000            9890
   539.0000            9925
   540.0000           10014
   541.0000            9823
   542.0000           10006
   543.0000            9894
   544.0000            9971
   545.0000           10030
   546.0000            9937
   547.0000            9826
   548.0000           10092
   549.0000            9954
   550.0000           10128
   551.0000            9817
   552.0000           10063
   553.0000            9962
   554.0000            9934
   555.0000           10066
   556.0000            9886
   557.0000            9922
   558.0000            9910
   559.0000            9989
   560.0000            9995
   561.0000            9952
   562.0000            9789
   563.0000            9965
   564.0000           10095
   565.0000            9939
   566.0000           10061
   567.0000           10101
   568.0000           10039
   569.0000            9889
   570.0000            9741
   571.0000            9844
   572.0000            9953
   573.0000           10285
   574.0000            9950
   575.0000            9962
   576.0000           10196
   577.0000            9990
   578.0000            9876
   579.0000            9772
   580.0000            9946
   581.0000            9843
   582.0000           10114
   583.0000           10098
   584.0000            9947
   585.0000            9956
   586.0000            9954
   587.0000            9874
   588.0000            9784
   589.0000            9909
   590.0000            9942
   591.0000           10128
   592.0000           10041
   593.0000            9938
   594.0000            9752
   595.0000            9989
   596.0000            9893
   597.0000            9963
   598.0000            9989
   599.0000            9964
   600.0000            9963
   601.0000           10084
   602.0000            9757
   603.0000           10004
   604.0000            9698
   605.0000           10043
   606.0000           10140
   607.0000           10065
   608.0000           10014
   609.0000            9968
   610.0000            9959
   611.0000            9884
   612.0000            9839
   613.0000            9847
   614.0000           10005
   615.0000            9955
   616.0000           10023
   617.0000           10035
   618.0000            9773
   619.0000            9884
   620.0000            9941
   621.0000            9857
   622.0000           10018
   623.0000            9868
   624.0000           10211
   625.0000            9860
   626.0000            9799
   627.0000            9883
   628.0000            9777
   629.0000            9822
   630.0000            9949
   631.0000           10086
   632.0000            9962
   633.0000            9879
   634.0000            9830
   635.0000            9982
   636.0000            9731
   637.0000           10003
   638.0000            9978
   639.0000           10148
   640.0000           10099
   641.0000            9897
   642.0000           10075
   643.0000            9920
   644.0000            9903
   645.0000           10143
   646.0000            9949
   647.0000            9966
   648.0000            9963
   649.0000           10022
   650.0000            9991
   651.0000            9862
   652.0000           10161
   653.0000           10089
   654.0000           10070
   655.0000            9919
   656.0000            9853
   657.0000            9703
   658.0000            9839
   659.0000            9862
   660.0000            9910
   661.0000            9886
   662.0000           10003
   663.0000           10142
   664.0000            9868
   665.0000            9720
   666.0000            9920
   667.0000            9729
   668.0000            9784
   669.0000            9878
   670.0000            9979
   671.0000            9978
   672.0000            9916
   673.0000            9878
   674.0000            9872
   675.0000            9924
   676.0000            9975
   677.0000           10138
   678.0000           10221
   679.0000           10154
   680.0000           10085
   681.0000           10040
   682.0000            9957
   683.0000            9821
   684.0000            9787
   685.0000           10047
   686.0000            9905
   687.0000            9998
   688.0000           10053
   689.0000            9768
   690.0000            9921
   691.0000            9860
   692.0000            9766
   693.0000           10007
   694.0000           10105
   695.0000            9976
   696.0000            9958
   697.0000            9762
   698.0000            9833
   699.0000            9910
   700.0000            9935
   701.0000            9997
   702.0000            9990
   703.0000            9916
   704.0000            9990
   705.0000            9817
   706.0000            9789
   707.0000            9822
   708.0000           10139
   709.0000            9899
   710.0000            9973
   711.0000           10084
   712.0000            9910
   713.0000            9846
   714.0000            9897
   715.0000            9974
   716.0000            9823
   717.0000            9973
   718.0000            9998
   719.0000            9743
   720.0000            9991
   721.0000            9794
   722.0000           10058
   723.0000            9834
   724.0000            9767
   725.0000            9970
   726.0000            9978
   727.0000            9804
   728.0000            9984
   729.0000            9862
   730.0000            9967
   731.0000            9932
   732.0000            9916
   733.0000            9809
   734.0000           10032
   735.0000           10033
   736.0000           10081
   737.0000           10015
   738.0000           10001
   739.0000           10061
   740.0000            9774
   741.0000           10030
   742.0000           10123
   743.0000            9848
   744.0000            9800
   745.0000            9943
   746.0000           10044
   747.0000            9808
   748.0000            9859
   749.0000           10060
   750.0000           10053
   751.0000           10090
   752.0000           10028
   753.0000            9965
   754.0000            9762
   755.0000            9850
   756.0000            9966
   757.0000            9956
   758.0000            9969
   759.0000            9964
   760.0000            9894
   761.0000            9696
   762.0000           10018
   763.0000            9681
   764.0000           10013
   765.0000            9891
   766.0000           10099
   767.0000           10015
   768.0000           10076
   769.0000            9954
   770.0000            9786
   771.0000            9912
   772.0000           10267
   773.0000            9933
   774.0000            9876
   775.0000            9931
   776.0000            9899
   777.0000            9837
   778.0000            9786
   779.0000           10041
   780.0000            9922
   781.0000           10112
   782.0000            9817
   783.0000           10093
   784.0000            9853
   785.0000            9972
   786.0000            9797
   787.0000            9832
   788.0000           10032
   789.0000           10084
   790.0000            9994
   791.0000           10037
   792.0000           10100
   793.0000            9958
   794.0000            9989
   795.0000            9941
   796.0000           10003
   797.0000           10014
   798.0000            9983
   799.0000            9879
   800.0000            9950
   801.0000            9815
   802.0000            9958
   803.0000            9870
   804.0000           10059
   805.0000            9772
   806.0000           10053
   807.0000           10032
   808.0000            9940
   809.0000            9932
   810.0000            9970
   811.0000            9837
   812.0000            9956
   813.0000            9979
   814.0000           10055
   815.0000           10003
   816.0000            9899
   817.0000            9917
   818.0000            9861
   819.0000            9753
   820.0000           10018
   821.0000            9923
   822.0000            9910
   823.0000            9980
   824.0000           10009
   825.0000            9885
   826.0000            9969
   827.0000            9972
   828.0000            9864
   829.0000           10111
   830.0000           10228
   831.0000            9971
   832.0000            9997
   833.0000           10110
   834.0000            9812
   835.0000            9885
   836.0000           10014
   837.0000            9987
   838.0000            9841
   839.0000            9857
   840.0000            9902
   841.0000            9872
   842.0000            9944
   843.0000            9835
   844.0000            9841
   845.0000           10040
   846.0000           10033
   847.0000            9967
   848.0000           10048
   849.0000            9855
   850.0000            9981
   851.0000            9864
   852.0000            9862
   853.0000           10163
   854.0000           10013
   855.0000            9993
   856.0000            9828
   857.0000            9820
   858.0000            9877
   859.0000           10090
   860.0000            9985
   861.0000            9952
   862.0000            9873
   863.0000            9883
   864.0000            9943
   865.0000            9811
   866.0000            9934
   867.0000            9519
   868.0000            9965
   869.0000            9806
   870.0000            9989
   871.0000            9917
   872.0000            9861
   873.0000           10180
   874.0000            9817
   875.0000            9891
   876.0000            9790
   877.0000            9878
   878.0000           10226
   879.0000           10197
   880.0000            9952
   881.0000            9872
   882.0000           10043
   883.0000            9968
   884.0000            9862
   885.0000            9896
   886.0000            9900
   887.0000            9990
   888.0000            9838
   889.0000            9816
   890.0000            9830
   891.0000            9752
   892.0000           10092
   893.0000            9992
   894.0000           10058
   895.0000            9917
   896.0000            9973
   897.0000            9911
   898.0000            9937
   899.0000            9916
   900.0000            9910
   901.0000           10068
   902.0000            9980
   903.0000            9962
   904.0000            9980
   905.0000           10052
   906.0000            9703
   907.0000            9938
   908.0000           10112
   909.0000           10121
   910.0000            9933
   911.0000            9991
   912.0000            9910
   913.0000            9966
   914.0000           10023
   915.0000            9941
   916.0000           10022
   917.0000           10071
   918.0000            9984
   919.0000            9965
   920.0000            9912
   921.0000            9867
   922.0000            9912
   923.0000            9777
   924.0000           10007
   925.0000            9943
   926.0000           10036
   927.0000           10069
   928.0000            9824
   929.0000            9913
   930.0000           10146
   931.0000            9865
   932.0000           10148
   933.0000            9857
   934.0000           10078
   935.0000           10114
   936.0000            9742
   937.0000            9723
   938.0000            9930
   939.0000            9868
   940.0000           10148
   941.0000           10237
   942.0000            9984
   943.0000            9858
   944.0000            9631
   945.0000            9929
   946.0000            9939
   947.0000            9930
   948.0000            9876
   949.0000           10030
   950.0000           10180
   951.0000            9835
   952.0000            9917
   953.0000            9994
   954.0000            9800
   955.0000            9897
   956.0000           10104
   957.0000            9912
   958.0000            9754
   959.0000            9771
   960.0000            9896
   961.0000            9949
   962.0000            9965
   963.0000           10037
   964.0000           10033
   965.0000           10069
   966.0000           10136
   967.0000            9870
   968.0000            9930
   969.0000            9901
   970.0000            9911
   971.0000           10202
   972.0000           10028
   973.0000            9914
   974.0000           10039
   975.0000            9946
   976.0000            9925
   977.0000            9948
   978.0000            9826
   979.0000            9972
   980.0000           10019
   981.0000           10070
   982.0000            9971
   983.0000            9800
   984.0000           10077
   985.0000            9889
   986.0000            9770
   987.0000           10053
   988.0000           10008
   989.0000           10045
   990.0000            9990
   991.0000            9878
   992.0000            9937
   993.0000            9841
   994.0000            9904
   995.0000            9965
   996.0000           10106
   997.0000           10086
   998.0000            9984
   999.0000           10027
   1000.000           10082
